timesteps,wall_time,num_episodes,max_episode_rewards,mean_episode_rewards,min_episode_rewards,max_episode_len,mean_episode_len,min_episode_len
16384.0,7.765621185302734,64.0,21.0,3.5,0.0,249.0,100.05,4.0
32768.0,15.348697185516357,138.0,28.0,4.349999904632568,0.0,509.0,199.775,18.0
49152.0,23.089835166931152,204.0,33.0,2.7750000953674316,0.0,670.0,178.825,20.0
65536.0,30.87529969215393,258.0,30.0,4.150000095367432,0.0,848.0,249.825,15.0
81920.0,38.645445346832275,316.0,40.0,7.25,0.0,1193.0,367.875,20.0
98304.0,46.41619062423706,389.0,40.0,4.724999904632568,0.0,1091.0,233.85,11.0
114688.0,54.19561433792114,464.0,20.0,2.950000047683716,0.0,877.0,206.325,20.0
131072.0,61.98985695838928,531.0,19.0,2.575000047683716,0.0,1114.0,214.9,19.0
147456.0,69.77841687202454,595.0,40.0,4.0,0.0,1106.0,246.925,56.0
163840.0,77.57024598121643,677.0,15.0,3.450000047683716,0.0,784.0,241.15,18.0
180224.0,85.32288885116577,741.0,40.0,4.199999809265137,0.0,861.0,223.825,7.0
196608.0,92.98585677146912,813.0,40.0,3.5250000953674316,0.0,1176.0,222.05,23.0
212992.0,100.77184963226318,885.0,40.0,4.0,0.0,975.0,226.075,7.0
229376.0,108.51345944404602,946.0,40.0,5.724999904632568,0.0,1034.0,282.3,27.0
245760.0,116.28250002861023,1018.0,41.0,5.5,0.0,1043.0,282.275,2.0
262144.0,124.03424096107483,1081.0,20.0,3.174999952316284,0.0,686.0,214.225,26.0
278528.0,131.7849736213684,1153.0,41.0,6.125,0.0,1543.0,264.525,9.0
294912.0,139.54697489738464,1212.0,40.0,5.849999904632568,0.0,1221.0,291.075,9.0
311296.0,147.3259003162384,1271.0,24.0,4.0,0.0,873.0,243.575,35.0
327680.0,155.07548332214355,1336.0,27.0,4.449999809265137,0.0,1017.0,291.575,51.0
344064.0,162.85558438301086,1401.0,40.0,4.25,0.0,955.0,231.175,7.0
360448.0,170.61918592453003,1466.0,40.0,6.25,0.0,1281.0,306.125,24.0
376832.0,178.38903546333313,1537.0,24.0,3.4749999046325684,0.0,917.0,216.05,19.0
393216.0,186.1322853565216,1596.0,40.0,3.924999952316284,0.0,1162.0,216.175,20.0
409600.0,193.88637685775757,1649.0,40.0,7.099999904632568,0.0,1183.0,339.3,33.0
425984.0,201.65586876869202,1704.0,40.0,5.5,0.0,1109.0,278.85,66.0
442368.0,209.4332673549652,1771.0,40.0,5.625,0.0,1347.0,269.775,20.0
458752.0,217.19071102142334,1834.0,40.0,5.525000095367432,0.0,1281.0,301.275,21.0
475136.0,224.9682080745697,1890.0,40.0,4.574999809265137,0.0,1190.0,241.5,38.0
491520.0,232.72050762176514,1959.0,40.0,5.400000095367432,0.0,1160.0,324.325,3.0
507904.0,240.5034158229828,2023.0,40.0,4.650000095367432,0.0,895.0,229.975,30.0
524288.0,248.25118708610535,2083.0,18.0,3.7750000953674316,0.0,808.0,226.05,26.0
540672.0,256.0185811519623,2136.0,24.0,3.5,0.0,801.0,229.875,34.0
557056.0,263.79835510253906,2203.0,40.0,7.224999904632568,0.0,1096.0,304.325,11.0
573440.0,271.5397753715515,2259.0,40.0,5.449999809265137,0.0,1591.0,345.075,11.0
589824.0,279.3199818134308,2318.0,25.0,4.0,0.0,1071.0,269.625,35.0
606208.0,287.0703730583191,2380.0,40.0,5.25,0.0,804.0,272.375,18.0
622592.0,294.88479828834534,2426.0,40.0,4.150000095367432,0.0,1052.0,268.625,38.0
638976.0,302.6463842391968,2476.0,40.0,5.525000095367432,0.0,1125.0,272.325,10.0
655360.0,310.4157576560974,2535.0,40.0,6.574999809265137,0.0,2366.0,347.875,31.0
671744.0,318.2158019542694,2593.0,40.0,9.074999809265137,0.0,1646.0,355.75,4.0
688128.0,325.9768509864807,2642.0,40.0,6.574999809265137,0.0,1132.0,328.25,54.0
704512.0,333.7378890514374,2697.0,22.0,4.224999904632568,0.0,763.0,283.95,15.0
720896.0,341.5229811668396,2742.0,40.0,6.375,0.0,1360.0,345.325,39.0
737280.0,349.28296756744385,2799.0,40.0,6.050000190734863,0.0,1056.0,317.75,28.0
753664.0,357.0675301551819,2861.0,24.0,5.425000190734863,0.0,946.0,296.875,25.0
770048.0,364.8111310005188,2919.0,40.0,4.699999809265137,0.0,707.0,234.2,16.0
786432.0,372.43909430503845,3001.0,40.0,4.224999904632568,0.0,1123.0,248.875,35.0
802816.0,380.1787962913513,3062.0,18.0,3.549999952316284,0.0,705.0,230.55,35.0
819200.0,387.951966047287,3121.0,25.0,4.525000095367432,0.0,1864.0,287.675,12.0
835584.0,395.66598629951477,3189.0,40.0,7.425000190734863,0.0,1035.0,322.15,7.0
851968.0,403.4269802570343,3257.0,15.0,2.950000047683716,0.0,663.0,219.125,20.0
868352.0,411.1897876262665,3323.0,22.0,3.325000047683716,0.0,942.0,219.85,18.0
884736.0,418.95083951950073,3384.0,16.0,3.0250000953674316,0.0,812.0,213.6,25.0
901120.0,426.6912684440613,3450.0,12.0,3.799999952316284,0.0,849.0,281.15,42.0
917504.0,434.43096375465393,3516.0,27.0,3.9749999046325684,0.0,1251.0,251.0,14.0
933888.0,442.17651891708374,3588.0,16.0,2.7249999046325684,0.0,1026.0,214.15,33.0
950272.0,449.9454860687256,3663.0,14.0,2.200000047683716,0.0,589.0,179.0,23.0
966656.0,457.7092218399048,3712.0,40.0,4.199999809265137,0.0,1265.0,258.525,17.0
983040.0,465.51081895828247,3792.0,9.0,1.2000000476837158,0.0,569.0,140.275,2.0
999424.0,473.2858555316925,3860.0,40.0,4.375,0.0,1300.0,233.8,32.0
1015808.0,481.0473806858063,3924.0,40.0,5.025000095367432,0.0,1211.0,260.2,6.0
1032192.0,488.83118772506714,3976.0,40.0,5.449999809265137,0.0,1509.0,284.2,30.0
1048576.0,496.578973531723,4036.0,21.0,4.849999904632568,0.0,826.0,256.275,24.0
1064960.0,504.3573155403137,4101.0,40.0,5.925000190734863,0.0,982.0,245.4,36.0
1081344.0,512.108368396759,4163.0,40.0,4.525000095367432,0.0,1374.0,293.125,10.0
1097728.0,519.8820312023163,4229.0,40.0,5.75,0.0,1212.0,289.075,14.0
1114112.0,527.654908657074,4286.0,40.0,5.599999904632568,0.0,834.0,277.425,28.0
1130496.0,535.4286241531372,4351.0,40.0,5.675000190734863,0.0,1006.0,288.35,17.0
1146880.0,543.1892583370209,4408.0,21.0,2.325000047683716,0.0,872.0,178.425,5.0
1163264.0,550.9601199626923,4471.0,40.0,6.724999904632568,0.0,1132.0,333.125,19.0
1179648.0,558.7433524131775,4546.0,21.0,3.6500000953674316,0.0,908.0,214.15,2.0
1196032.0,566.5076353549957,4618.0,26.0,3.5999999046325684,0.0,910.0,248.45,6.0
1212416.0,574.2615931034088,4676.0,40.0,5.724999904632568,0.0,1854.0,311.5,20.0
1228800.0,582.0473966598511,4739.0,40.0,4.675000190734863,0.0,1044.0,222.475,37.0
1245184.0,589.7911646366119,4787.0,25.0,3.9000000953674316,0.0,1259.0,271.725,30.0
1261568.0,597.566579580307,4832.0,40.0,7.400000095367432,0.0,1415.0,342.225,45.0
1277952.0,605.3240280151367,4878.0,40.0,7.949999809265137,0.0,1393.0,343.7,48.0
1294336.0,613.1023857593536,4935.0,40.0,6.599999904632568,0.0,1340.0,325.0,32.0
1310720.0,620.8547871112823,5001.0,40.0,5.25,0.0,2032.0,314.4,18.0
1327104.0,628.6682188510895,5066.0,40.0,3.5,0.0,984.0,213.325,31.0
1343488.0,636.4436945915222,5112.0,40.0,5.224999904632568,0.0,1292.0,247.45,26.0
1359872.0,644.2200274467468,5170.0,40.0,6.675000190734863,0.0,1093.0,326.05,36.0
1376256.0,651.9706892967224,5221.0,25.0,5.199999809265137,0.0,1427.0,304.2,17.0
1392640.0,659.7578926086426,5268.0,40.0,5.25,0.0,1217.0,301.0,4.0
1409024.0,667.5153996944427,5313.0,40.0,8.024999618530273,0.0,1364.0,384.8,14.0
1425408.0,675.2842185497284,5365.0,21.0,4.574999809265137,0.0,1261.0,295.7,10.0
1441792.0,683.0508761405945,5409.0,40.0,7.699999809265137,0.0,1329.0,379.175,10.0
1458176.0,690.8001425266266,5458.0,40.0,7.275000095367432,0.0,1365.0,341.675,18.0
1474560.0,698.5703508853912,5503.0,26.0,4.175000190734863,0.0,1023.0,286.1,22.0
1490944.0,706.3164577484131,5548.0,40.0,9.149999618530273,0.0,1458.0,358.3,12.0
1507328.0,714.0850398540497,5607.0,40.0,7.574999809265137,0.0,1369.0,360.55,20.0
1523712.0,721.8374433517456,5650.0,40.0,7.775000095367432,0.0,3635.0,437.0,36.0
1540096.0,729.6314227581024,5698.0,40.0,5.125,0.0,1042.0,280.6,30.0
1556480.0,737.3906025886536,5761.0,40.0,6.425000190734863,0.0,974.0,296.35,5.0
1572864.0,745.1726791858673,5797.0,40.0,6.324999809265137,0.0,1526.0,332.85,25.0
1589248.0,752.9264540672302,5835.0,40.0,8.0,0.0,1308.0,396.5,47.0
1605632.0,760.7178919315338,5873.0,24.0,5.925000190734863,0.0,888.0,324.825,14.0
1622016.0,768.4841220378876,5924.0,40.0,9.225000381469727,0.0,1173.0,422.475,25.0
1638400.0,776.2667798995972,5966.0,40.0,6.949999809265137,0.0,1217.0,367.25,24.0
1654784.0,784.0088973045349,6003.0,40.0,9.350000381469727,0.0,1540.0,450.975,7.0
1671168.0,791.7661437988281,6043.0,40.0,7.650000095367432,0.0,1354.0,427.6,49.0
1687552.0,799.5231318473816,6091.0,40.0,4.875,0.0,1035.0,293.05,36.0
1703936.0,807.3232841491699,6145.0,40.0,6.5,0.0,1319.0,382.0,51.0
1720320.0,815.0897505283356,6180.0,40.0,7.974999904632568,0.0,1140.0,367.0,29.0
1736704.0,822.8714601993561,6223.0,40.0,8.550000190734863,0.0,1437.0,383.875,57.0
1753088.0,830.6342213153839,6263.0,40.0,6.349999904632568,0.0,1073.0,365.075,72.0
1769472.0,838.4362440109253,6326.0,40.0,7.025000095367432,0.0,1122.0,335.625,5.0
1785856.0,846.1939005851746,6376.0,40.0,6.875,0.0,1267.0,355.025,25.0
1802240.0,853.99014544487,6415.0,23.0,6.025000095367432,0.0,1180.0,330.3,6.0
1818624.0,861.7446784973145,6460.0,40.0,7.875,0.0,1275.0,358.0,8.0
1835008.0,869.5369424819946,6502.0,40.0,6.150000095367432,0.0,1218.0,334.25,34.0
1851392.0,877.2897615432739,6539.0,40.0,9.75,0.0,1197.0,407.9,37.0
1867776.0,885.0651724338531,6578.0,41.0,10.649999618530273,0.0,2998.0,409.2,18.0
1884160.0,892.8543546199799,6631.0,40.0,5.25,0.0,1697.0,360.7,17.0
1900544.0,900.607764005661,6684.0,40.0,10.675000190734863,0.0,1199.0,388.35,9.0
1916928.0,908.3630313873291,6734.0,40.0,9.225000381469727,0.0,1215.0,411.35,35.0
1933312.0,916.1167395114899,6775.0,40.0,6.425000190734863,0.0,1326.0,293.825,28.0
1949696.0,923.8992786407471,6806.0,40.0,9.675000190734863,0.0,1353.0,383.85,60.0
1966080.0,931.6635575294495,6855.0,41.0,10.600000381469727,0.0,1606.0,437.7,34.0
1982464.0,939.434891462326,6907.0,40.0,6.699999809265137,0.0,1409.0,380.475,22.0
1998848.0,947.1876006126404,6960.0,40.0,5.025000095367432,0.0,1212.0,275.45,46.0
2015232.0,954.9558384418488,6998.0,40.0,6.425000190734863,0.0,1263.0,330.575,14.0
2031616.0,962.5583820343018,7038.0,41.0,8.600000381469727,0.0,1377.0,435.025,28.0
2048000.0,970.3433537483215,7090.0,40.0,8.050000190734863,0.0,1179.0,345.2,33.0
2064384.0,978.1005256175995,7137.0,40.0,8.074999809265137,0.0,1238.0,377.275,22.0
2080768.0,985.8823864459991,7181.0,40.0,5.699999809265137,0.0,962.0,281.575,9.0
2097152.0,993.6657683849335,7225.0,40.0,9.875,0.0,1427.0,395.775,19.0
2113536.0,1001.433887720108,7277.0,40.0,6.675000190734863,0.0,1213.0,350.6,25.0
2129920.0,1009.1934688091278,7326.0,40.0,8.449999809265137,0.0,1043.0,349.725,31.0
2146304.0,1016.958683013916,7373.0,41.0,9.175000190734863,0.0,1451.0,398.3,19.0
2162688.0,1024.7239723205566,7427.0,40.0,4.824999809265137,0.0,929.0,246.175,9.0
2179072.0,1032.4739842414856,7492.0,40.0,6.300000190734863,0.0,1109.0,298.825,31.0
2195456.0,1040.210833787918,7550.0,18.0,2.75,0.0,1151.0,231.625,13.0
2211840.0,1047.9879491329193,7599.0,40.0,5.849999904632568,0.0,1304.0,307.875,36.0
2228224.0,1055.760585784912,7640.0,40.0,6.650000095367432,0.0,2138.0,358.625,19.0
2244608.0,1063.539380311966,7682.0,40.0,6.0,0.0,1016.0,297.4,16.0
2260992.0,1071.2976031303406,7728.0,40.0,9.350000381469727,0.0,1199.0,411.25,22.0
2277376.0,1079.0854346752167,7775.0,40.0,6.625,0.0,1252.0,312.1,12.0
2293760.0,1086.7348606586456,7825.0,40.0,6.800000190734863,0.0,1552.0,344.625,37.0
2310144.0,1094.5144019126892,7875.0,40.0,6.224999904632568,0.0,1924.0,344.3,15.0
2326528.0,1102.2870657444,7923.0,40.0,5.875,0.0,1606.0,313.325,3.0
2342912.0,1110.049444437027,7968.0,40.0,8.024999618530273,0.0,1413.0,384.15,18.0
2359296.0,1117.834924697876,7996.0,40.0,4.625,0.0,1833.0,288.225,14.0
2375680.0,1125.5825490951538,8044.0,40.0,7.599999904632568,0.0,1284.0,389.3,15.0
2392064.0,1133.3758964538574,8100.0,40.0,5.224999904632568,0.0,1444.0,295.75,24.0
2408448.0,1141.1350255012512,8149.0,40.0,6.375,0.0,1597.0,384.9,15.0
2424832.0,1148.9464886188507,8206.0,40.0,4.474999904632568,0.0,1354.0,260.05,15.0
2441216.0,1156.7068800926208,8241.0,17.0,4.574999809265137,0.0,1365.0,336.175,17.0
2457600.0,1164.5018796920776,8271.0,40.0,7.025000095367432,0.0,1168.0,351.45,34.0
2473984.0,1172.0570740699768,8319.0,40.0,8.125,0.0,4018.0,528.2,21.0
2490368.0,1179.8466801643372,8357.0,40.0,7.425000190734863,0.0,3166.0,414.9,7.0
2506752.0,1187.59871840477,8389.0,40.0,7.974999904632568,0.0,1422.0,369.925,7.0
2523136.0,1195.3907322883606,8443.0,40.0,6.625,0.0,1491.0,347.375,21.0
2539520.0,1203.1623220443726,8487.0,40.0,8.199999809265137,0.0,2218.0,440.75,9.0
2555904.0,1210.9270033836365,8513.0,40.0,11.050000190734863,0.0,1730.0,469.4,68.0
2572288.0,1218.672920703888,8560.0,40.0,7.849999904632568,0.0,1395.0,341.375,28.0
2588672.0,1226.4680194854736,8591.0,40.0,8.550000190734863,0.0,1155.0,399.05,35.0
2605056.0,1234.241332769394,8643.0,40.0,7.900000095367432,0.0,1516.0,350.8,14.0
2621440.0,1242.0245885849,8687.0,40.0,8.074999809265137,0.0,2839.0,419.9,15.0
2637824.0,1249.7756280899048,8732.0,40.0,7.324999809265137,0.0,1293.0,359.225,34.0
2654208.0,1257.5457730293274,8760.0,40.0,8.524999618530273,0.0,1293.0,373.975,6.0
2670592.0,1265.3032245635986,8786.0,40.0,9.449999809265137,0.0,1287.0,413.5,6.0
2686976.0,1273.061830997467,8818.0,40.0,12.050000190734863,0.0,4071.0,603.5,37.0
2703360.0,1280.8256487846375,8849.0,40.0,11.300000190734863,0.0,4071.0,641.775,43.0
2719744.0,1288.6150290966034,8889.0,40.0,13.0,0.0,5171.0,618.825,60.0
2736128.0,1296.3914988040924,8913.0,40.0,11.574999809265137,0.0,5171.0,556.8,25.0
2752512.0,1304.1546685695648,8946.0,40.0,12.425000190734863,0.0,3775.0,524.5,34.0
2768896.0,1311.944962978363,8985.0,40.0,9.725000381469727,0.0,1274.0,421.225,26.0
2785280.0,1319.7196741104126,9037.0,40.0,8.550000190734863,0.0,3137.0,412.35,40.0
2801664.0,1327.5103287696838,9078.0,40.0,5.125,0.0,1533.0,285.6,8.0
2818048.0,1335.2652788162231,9120.0,40.0,6.650000095367432,0.0,4936.0,433.075,26.0
2834432.0,1343.0609288215637,9157.0,40.0,9.725000381469727,0.0,1750.0,388.9,15.0
2850816.0,1350.7947976589203,9206.0,40.0,6.599999904632568,0.0,3812.0,388.425,23.0
2867200.0,1358.5833950042725,9254.0,40.0,7.324999809265137,0.0,1299.0,315.45,27.0
2883584.0,1366.3423433303833,9304.0,40.0,7.900000095367432,0.0,2717.0,376.05,4.0
2899968.0,1374.1432347297668,9332.0,40.0,8.75,0.0,3032.0,415.175,17.0
2916352.0,1381.903615474701,9379.0,40.0,6.974999904632568,0.0,1500.0,347.525,22.0
2932736.0,1389.6501116752625,9410.0,26.0,6.849999904632568,0.0,1493.0,392.5,22.0
2949120.0,1397.118379354477,9443.0,40.0,11.199999809265137,0.0,1212.0,448.55,29.0
2965504.0,1404.890719652176,9481.0,40.0,8.649999618530273,0.0,2962.0,467.325,47.0
2981888.0,1412.5276019573212,9514.0,40.0,10.300000190734863,0.0,5780.0,618.2,30.0
2998272.0,1420.3228268623352,9550.0,40.0,11.074999809265137,0.0,1232.0,482.45,30.0
3014656.0,1428.0678224563599,9588.0,40.0,8.550000190734863,0.0,1910.0,395.325,33.0
3031040.0,1435.83660531044,9636.0,40.0,7.449999809265137,0.0,1284.0,326.875,11.0
3047424.0,1443.5952281951904,9671.0,40.0,7.550000190734863,0.0,1871.0,394.875,43.0
3063808.0,1451.3682579994202,9716.0,40.0,9.449999809265137,0.0,4209.0,521.55,7.0
3080192.0,1459.1482899188995,9754.0,40.0,8.774999618530273,0.0,1104.0,363.9,35.0
3096576.0,1466.9190413951874,9797.0,40.0,8.199999809265137,0.0,1341.0,384.95,11.0
3112960.0,1474.6891422271729,9842.0,40.0,7.099999904632568,0.0,1387.0,351.475,28.0
3129344.0,1482.480191230774,9887.0,40.0,6.324999809265137,0.0,1489.0,386.8,9.0
3145728.0,1490.2550675868988,9923.0,40.0,8.975000381469727,0.0,1489.0,449.575,45.0
3162112.0,1498.047259569168,9966.0,40.0,9.975000381469727,0.0,1428.0,453.4,6.0
3178496.0,1505.815258026123,10008.0,40.0,7.199999809265137,0.0,1041.0,286.025,28.0
3194880.0,1513.4538996219635,10045.0,40.0,10.399999618530273,0.0,1114.0,445.875,28.0
3211264.0,1521.2313249111176,10081.0,40.0,10.074999809265137,0.0,1141.0,395.825,41.0
3227648.0,1529.0045685768127,10121.0,40.0,10.800000190734863,0.0,1236.0,412.4,12.0
3244032.0,1536.7780783176422,10169.0,40.0,8.975000381469727,0.0,3142.0,473.9,8.0
3260416.0,1544.5386407375336,10210.0,40.0,5.574999809265137,0.0,905.0,273.05,16.0
3276800.0,1552.2791755199432,10262.0,40.0,7.025000095367432,0.0,4812.0,433.4,14.0
3293184.0,1560.0385148525238,10309.0,40.0,7.400000095367432,0.0,1301.0,334.575,34.0
3309568.0,1567.8109800815582,10355.0,40.0,6.125,0.0,1080.0,315.2,25.0
3325952.0,1575.5638179779053,10391.0,40.0,9.449999809265137,0.0,1203.0,396.3,25.0
3342336.0,1583.3584814071655,10444.0,40.0,9.949999809265137,0.0,1542.0,412.325,39.0
3358720.0,1591.107908964157,10486.0,40.0,6.175000190734863,0.0,1263.0,299.075,20.0
3375104.0,1598.838496208191,10520.0,40.0,7.675000190734863,0.0,1236.0,328.675,35.0
3391488.0,1606.592319726944,10561.0,40.0,8.975000381469727,0.0,1266.0,370.95,23.0
3407872.0,1614.3716261386871,10593.0,40.0,12.949999809265137,0.0,4808.0,562.4,17.0
3424256.0,1622.1240310668945,10633.0,40.0,11.125,0.0,1158.0,429.5,24.0
3440640.0,1629.8482022285461,10674.0,40.0,9.774999618530273,0.0,1196.0,383.075,16.0
3457024.0,1637.5120811462402,10714.0,40.0,7.199999809265137,0.0,1227.0,313.45,5.0
3473408.0,1645.2562482357025,10760.0,41.0,9.75,0.0,1463.0,366.85,19.0
3489792.0,1653.0078690052032,10795.0,40.0,12.0,0.0,3782.0,594.675,44.0
3506176.0,1660.7908322811127,10841.0,40.0,8.550000190734863,0.0,1096.0,362.55,11.0
3522560.0,1668.534661769867,10877.0,40.0,7.224999904632568,0.0,5942.0,490.425,23.0
3538944.0,1676.3066837787628,10920.0,40.0,10.199999809265137,0.0,1135.0,416.7,34.0
3555328.0,1684.064920425415,10971.0,40.0,6.675000190734863,0.0,1233.0,328.4,28.0
3571712.0,1691.846114397049,11017.0,40.0,7.125,0.0,1284.0,366.425,5.0
3588096.0,1699.60577750206,11051.0,40.0,8.375,0.0,1228.0,347.8,25.0
3604480.0,1707.4023406505585,11085.0,40.0,9.850000381469727,0.0,1567.0,428.925,14.0
3620864.0,1715.1892199516296,11126.0,40.0,11.274999618530273,0.0,1248.0,497.3,42.0
3637248.0,1722.9710211753845,11162.0,40.0,6.875,0.0,1054.0,377.1,33.0
3653632.0,1730.762788772583,11202.0,40.0,8.050000190734863,0.0,1277.0,383.675,18.0
3670016.0,1738.5312519073486,11240.0,40.0,10.425000190734863,0.0,1277.0,461.275,24.0
3686400.0,1746.1990141868591,11269.0,40.0,13.125,0.0,1116.0,484.15,24.0
3702784.0,1753.9348032474518,11313.0,24.0,4.724999904632568,0.0,809.0,256.725,20.0
3719168.0,1761.7067966461182,11351.0,40.0,11.074999809265137,0.0,1360.0,476.9,10.0
3735552.0,1769.4579186439514,11391.0,40.0,11.824999809265137,0.0,2694.0,521.025,16.0
3751936.0,1777.2363243103027,11425.0,40.0,7.300000190734863,0.0,1233.0,340.625,24.0
3768320.0,1784.8278708457947,11463.0,40.0,9.975000381469727,0.0,1746.0,419.775,4.0
3784704.0,1792.6077048778534,11506.0,41.0,7.199999809265137,0.0,1004.0,311.75,34.0
3801088.0,1800.3796527385712,11531.0,41.0,8.399999618530273,0.0,1004.0,338.5,13.0
3817472.0,1808.175041437149,11573.0,40.0,11.5,0.0,1912.0,500.9,8.0
3833856.0,1815.9317200183868,11608.0,40.0,8.600000381469727,0.0,3771.0,588.025,25.0
3850240.0,1823.7227537631989,11643.0,40.0,8.949999809265137,0.0,1527.0,401.25,26.0
3866624.0,1831.4848029613495,11674.0,40.0,7.300000190734863,0.0,1084.0,357.65,61.0
3883008.0,1839.2745246887207,11702.0,40.0,8.574999809265137,0.0,3586.0,489.425,11.0
3899392.0,1847.027314901352,11743.0,40.0,9.425000190734863,0.0,4896.0,551.125,23.0
3915776.0,1854.7212581634521,11782.0,41.0,11.925000190734863,0.0,1540.0,492.675,43.0
3932160.0,1862.4790470600128,11812.0,41.0,7.949999809265137,0.0,2380.0,454.375,17.0
3948544.0,1870.2898089885712,11843.0,40.0,10.574999809265137,0.0,1302.0,433.375,57.0
3964928.0,1878.0867991447449,11878.0,40.0,11.875,0.0,1067.0,430.15,36.0
3981312.0,1885.8828389644623,11920.0,40.0,9.149999618530273,0.0,3885.0,518.025,15.0
3997696.0,1893.643095254898,11957.0,40.0,5.224999904632568,0.0,1806.0,326.875,48.0
4014080.0,1901.4379076957703,12000.0,40.0,8.324999809265137,0.0,4671.0,448.5,15.0
4030464.0,1909.2072155475616,12030.0,40.0,10.074999809265137,0.0,4671.0,563.05,36.0
4046848.0,1916.9910726547241,12062.0,40.0,8.100000381469727,0.0,1796.0,397.225,30.0
4063232.0,1924.7899897098541,12104.0,40.0,8.75,0.0,4012.0,474.025,17.0
4079616.0,1932.548534154892,12148.0,40.0,9.699999809265137,0.0,2161.0,492.575,26.0
4096000.0,1940.3504512310028,12186.0,40.0,9.274999618530273,0.0,4325.0,494.35,47.0
4112384.0,1948.1271913051605,12228.0,40.0,8.550000190734863,0.0,4850.0,480.0,44.0
4128768.0,1955.9419929981232,12267.0,40.0,5.875,0.0,2304.0,372.1,31.0
4145152.0,1963.6953208446503,12299.0,40.0,8.199999809265137,0.0,1505.0,401.125,14.0
4161536.0,1971.4950730800629,12331.0,40.0,8.600000381469727,0.0,1373.0,391.35,26.0
4177920.0,1979.2740335464478,12370.0,42.0,12.725000381469727,0.0,3775.0,664.725,28.0
4194304.0,1987.0674560070038,12413.0,40.0,6.675000190734863,0.0,1134.0,301.55,28.0
4210688.0,1994.8027760982513,12449.0,40.0,9.399999618530273,0.0,1504.0,387.675,40.0
4227072.0,2002.5962958335876,12485.0,40.0,6.724999904632568,0.0,1352.0,331.3,12.0
4243456.0,2010.3619203567505,12528.0,40.0,12.899999618530273,0.0,2262.0,534.375,38.0
4259840.0,2018.1604146957397,12559.0,40.0,8.675000190734863,0.0,1493.0,388.95,35.0
4276224.0,2025.9515872001648,12599.0,40.0,11.875,0.0,3933.0,561.1,31.0
4292608.0,2033.7488143444061,12644.0,40.0,9.225000381469727,0.0,2252.0,433.7,23.0
4308992.0,2041.5195343494415,12689.0,40.0,7.150000095367432,0.0,1320.0,325.225,15.0
4325376.0,2049.3069512844086,12724.0,40.0,8.050000190734863,0.0,1420.0,376.65,74.0
4341760.0,2057.0624759197235,12760.0,41.0,9.300000190734863,0.0,1163.0,405.0,2.0
4358144.0,2064.8598222732544,12797.0,40.0,8.975000381469727,0.0,2566.0,426.25,7.0
4374528.0,2072.6441793441772,12828.0,40.0,9.199999809265137,0.0,2566.0,474.975,7.0
4390912.0,2080.4453134536743,12866.0,40.0,10.675000190734863,0.0,4999.0,563.575,19.0
4407296.0,2088.2202246189117,12915.0,40.0,12.600000381469727,0.0,2906.0,503.275,7.0
4423680.0,2096.011205434799,12956.0,40.0,7.699999809265137,0.0,1829.0,410.05,38.0
4440064.0,2103.788200378418,13000.0,40.0,7.525000095367432,0.0,973.0,342.625,36.0
4456448.0,2111.458664894104,13045.0,40.0,9.274999618530273,0.0,1942.0,372.125,56.0
4472832.0,2119.2511641979218,13091.0,40.0,9.725000381469727,0.0,1023.0,360.95,12.0
4489216.0,2127.0316503047943,13130.0,40.0,10.625,0.0,1325.0,461.425,6.0
4505600.0,2134.8410494327545,13174.0,40.0,7.099999904632568,0.0,1275.0,338.75,18.0
4521984.0,2142.616319656372,13202.0,42.0,8.324999809265137,0.0,6000.0,484.375,18.0
4538368.0,2150.419368982315,13241.0,40.0,13.175000190734863,0.0,1367.0,490.275,80.0
4554752.0,2158.1742737293243,13282.0,40.0,12.125,0.0,1336.0,468.375,25.0
4571136.0,2165.961888551712,13321.0,40.0,8.550000190734863,0.0,1476.0,378.45,13.0
4587520.0,2173.734612464905,13360.0,40.0,11.824999809265137,0.0,1397.0,512.35,77.0
4603904.0,2181.4560055732727,13397.0,40.0,11.399999618530273,0.0,1134.0,453.75,7.0
4620288.0,2189.1916942596436,13434.0,40.0,9.550000190734863,0.0,1058.0,385.725,58.0
4636672.0,2196.9679012298584,13477.0,41.0,8.300000190734863,0.0,1170.0,368.4,27.0
4653056.0,2204.7273292541504,13517.0,40.0,11.699999809265137,0.0,1301.0,454.625,26.0
4669440.0,2212.5029640197754,13550.0,40.0,13.024999618530273,0.0,1314.0,464.35,18.0
4685824.0,2220.258586883545,13581.0,40.0,10.649999618530273,0.0,1314.0,421.6,18.0
4702208.0,2228.0468916893005,13626.0,40.0,11.324999809265137,0.0,1693.0,485.1,27.0
4718592.0,2235.807090997696,13665.0,40.0,10.074999809265137,0.0,1278.0,425.0,27.0
4734976.0,2243.5841133594513,13713.0,40.0,7.275000095367432,0.0,1217.0,387.925,9.0
4751360.0,2251.339234352112,13747.0,40.0,10.75,0.0,1290.0,460.75,18.0
4767744.0,2259.1417422294617,13783.0,40.0,8.875,0.0,1348.0,433.15,4.0
4784128.0,2266.905193090439,13815.0,40.0,11.925000190734863,0.0,1276.0,503.275,4.0
4800512.0,2274.691522359848,13852.0,40.0,9.574999809265137,0.0,1294.0,423.7,33.0
4816896.0,2282.45961022377,13888.0,40.0,11.375,0.0,1416.0,418.425,21.0
4833280.0,2290.2539072036743,13915.0,40.0,9.75,0.0,1083.0,405.075,21.0
4849664.0,2298.0115406513214,13940.0,40.0,12.100000381469727,0.0,2764.0,501.075,34.0
4866048.0,2305.792814016342,13978.0,40.0,10.574999809265137,0.0,1424.0,471.75,6.0
4882432.0,2313.5683772563934,14020.0,40.0,10.074999809265137,0.0,1595.0,459.9,33.0
4898816.0,2321.3511548042297,14051.0,40.0,8.574999809265137,0.0,2434.0,486.675,37.0
4915200.0,2329.1620688438416,14088.0,40.0,9.850000381469727,0.0,1237.0,433.075,2.0
4931584.0,2336.7335891723633,14132.0,40.0,13.449999809265137,0.0,2069.0,574.2,39.0
4947968.0,2344.5451345443726,14175.0,40.0,8.800000190734863,0.0,1124.0,384.975,43.0
4964352.0,2352.2846195697784,14218.0,40.0,8.050000190734863,0.0,2472.0,400.275,17.0
4980736.0,2360.0860221385956,14252.0,41.0,7.699999809265137,0.0,964.0,352.0,16.0
4997120.0,2367.6906237602234,14288.0,40.0,10.050000190734863,0.0,1072.0,421.475,21.0
5013504.0,2375.475284576416,14320.0,40.0,12.524999618530273,0.0,1568.0,494.425,44.0
5029888.0,2383.2425968647003,14358.0,40.0,9.725000381469727,0.0,1219.0,407.55,21.0
5046272.0,2391.023427963257,14403.0,40.0,10.699999809265137,0.0,1356.0,437.3,40.0
5062656.0,2398.791677236557,14453.0,41.0,12.300000190734863,0.0,1351.0,443.55,36.0
5079040.0,2406.5746920108795,14503.0,16.0,3.7249999046325684,0.0,1912.0,283.6,49.0
5095424.0,2414.3395302295685,14549.0,40.0,9.300000190734863,0.0,1370.0,383.525,5.0
5111808.0,2422.1147043704987,14580.0,40.0,6.949999809265137,0.0,1195.0,331.15,12.0
5128192.0,2429.884078502655,14618.0,40.0,9.024999618530273,0.0,1381.0,410.35,6.0
5144576.0,2437.6680285930634,14645.0,25.0,8.649999618530273,0.0,974.0,428.125,45.0
5160960.0,2445.4179940223694,14677.0,40.0,10.699999809265137,0.0,1460.0,456.7,45.0
5177344.0,2453.202573299408,14708.0,40.0,13.800000190734863,0.0,1541.0,564.025,31.0
5193728.0,2460.959984064102,14741.0,40.0,11.125,0.0,1593.0,459.0,31.0
5210112.0,2468.747575521469,14783.0,40.0,9.125,0.0,1840.0,456.775,48.0
5226496.0,2476.5025708675385,14817.0,40.0,7.775000095367432,0.0,2308.0,512.15,37.0
5242880.0,2484.3023343086243,14857.0,40.0,10.75,0.0,1829.0,467.8,23.0
5259264.0,2492.0670504570007,14889.0,40.0,8.375,0.0,1417.0,409.425,41.0
5275648.0,2499.874204158783,14917.0,40.0,12.225000381469727,0.0,2019.0,527.7,48.0
5292032.0,2507.6376152038574,14957.0,40.0,10.274999618530273,0.0,1652.0,446.325,36.0
5308416.0,2515.412860393524,14992.0,40.0,8.199999809265137,0.0,1513.0,432.9,41.0
5324800.0,2523.1633715629578,15032.0,40.0,9.324999809265137,0.0,1267.0,430.825,42.0
5341184.0,2530.941733121872,15067.0,40.0,8.774999618530273,0.0,1531.0,378.85,14.0
5357568.0,2538.639664411545,15101.0,40.0,13.75,0.0,4733.0,631.55,39.0
5373952.0,2546.392922401428,15138.0,40.0,9.024999618530273,0.0,1147.0,431.925,19.0
5390336.0,2554.1998102664948,15176.0,41.0,11.375,0.0,1712.0,425.975,25.0
5406720.0,2561.979151248932,15209.0,40.0,10.5,0.0,1711.0,430.4,57.0
5423104.0,2569.7864968776703,15250.0,40.0,9.824999809265137,0.0,1737.0,478.675,26.0
5439488.0,2577.537824869156,15299.0,40.0,9.725000381469727,0.0,1431.0,432.975,40.0
5455872.0,2585.312115430832,15335.0,40.0,7.525000095367432,0.0,1263.0,337.225,4.0
5472256.0,2593.058860063553,15385.0,40.0,8.199999809265137,0.0,1035.0,378.15,3.0
5488640.0,2600.8632702827454,15431.0,40.0,6.925000190734863,0.0,1008.0,336.9,52.0
5505024.0,2608.6310646533966,15465.0,40.0,7.150000095367432,0.0,1000.0,343.15,56.0
5521408.0,2616.4342033863068,15507.0,40.0,13.100000381469727,0.0,1331.0,535.875,72.0
5537792.0,2624.2112333774567,15549.0,40.0,7.375,0.0,1549.0,340.475,18.0
5554176.0,2632.0165650844574,15594.0,40.0,6.925000190734863,0.0,1023.0,334.025,10.0
5570560.0,2639.7847888469696,15634.0,40.0,9.300000190734863,0.0,1038.0,383.125,12.0
5586944.0,2647.5717916488647,15671.0,40.0,9.800000190734863,0.0,1395.0,411.125,28.0
5603328.0,2655.3262269496918,15709.0,40.0,12.800000190734863,0.0,1492.0,517.725,35.0
5619712.0,2663.1220359802246,15732.0,40.0,12.899999618530273,0.0,1452.0,509.375,60.0
5636096.0,2670.883056640625,15771.0,40.0,9.125,0.0,1281.0,433.85,26.0
5652480.0,2678.6997425556183,15804.0,41.0,13.949999809265137,0.0,1281.0,570.8,7.0
5668864.0,2686.459784269333,15835.0,40.0,8.975000381469727,0.0,1131.0,347.225,6.0
5685248.0,2694.2482335567474,15883.0,40.0,9.425000190734863,0.0,1185.0,458.6,15.0
5701632.0,2702.0347018241882,15929.0,40.0,8.524999618530273,0.0,1388.0,385.45,30.0
5718016.0,2709.8478360176086,15961.0,40.0,8.949999809265137,0.0,1270.0,410.15,18.0
5734400.0,2717.654385328293,15987.0,41.0,12.074999809265137,0.0,1414.0,499.05,18.0
5750784.0,2725.444655895233,16028.0,40.0,11.800000190734863,0.0,1279.0,457.975,43.0
5767168.0,2733.2092802524567,16051.0,40.0,13.149999618530273,0.0,1164.0,520.075,43.0
5783552.0,2741.0147438049316,16082.0,40.0,14.175000190734863,0.0,1420.0,523.65,21.0
5799936.0,2748.8295357227325,16109.0,40.0,15.324999809265137,0.0,1545.0,579.975,47.0
5816320.0,2756.60626244545,16144.0,40.0,14.0,0.0,1514.0,506.075,35.0
5832704.0,2764.407241344452,16175.0,41.0,13.149999618530273,0.0,1613.0,469.45,45.0
5849088.0,2772.173975467682,16198.0,40.0,16.649999618530273,0.0,1490.0,608.725,13.0
5865472.0,2779.9751856327057,16236.0,41.0,12.75,0.0,1488.0,500.0,30.0
5881856.0,2787.743438720703,16274.0,40.0,9.100000381469727,0.0,1091.0,385.675,17.0
5898240.0,2795.532659292221,16303.0,40.0,12.699999809265137,0.0,1388.0,517.9,13.0
5914624.0,2803.291629552841,16337.0,40.0,8.225000381469727,0.0,1139.0,374.55,46.0
5931008.0,2811.098754644394,16365.0,41.0,15.600000381469727,0.0,1190.0,535.675,14.0
5947392.0,2818.8677299022675,16396.0,40.0,13.574999809265137,0.0,1290.0,497.475,34.0
5963776.0,2826.672998189926,16422.0,40.0,16.850000381469727,0.0,1774.0,612.125,39.0
5980160.0,2834.418968439102,16458.0,41.0,11.324999809265137,0.0,3841.0,522.9,39.0
5996544.0,2842.2200558185577,16496.0,40.0,13.149999618530273,0.0,1316.0,440.425,47.0
6012928.0,2849.9995753765106,16533.0,40.0,14.850000381469727,0.0,1339.0,510.225,21.0
6029312.0,2857.7865278720856,16557.0,40.0,16.825000762939453,0.0,1280.0,543.775,42.0
6045696.0,2865.5527968406677,16597.0,40.0,12.399999618530273,0.0,1691.0,508.975,55.0
6062080.0,2873.3459148406982,16630.0,40.0,11.800000190734863,0.0,1195.0,425.95,31.0
6078464.0,2881.110205888748,16668.0,40.0,14.125,0.0,1973.0,565.8,49.0
6094848.0,2888.898117542267,16692.0,40.0,11.0,0.0,1983.0,483.225,22.0
6111232.0,2896.660879135132,16721.0,40.0,9.550000190734863,0.0,1503.0,428.05,14.0
6127616.0,2904.4468002319336,16755.0,40.0,16.899999618530273,0.0,1606.0,589.65,37.0
6144000.0,2912.2166616916656,16786.0,40.0,15.649999618530273,0.0,1435.0,549.275,37.0
6160384.0,2920.0245475769043,16819.0,41.0,15.074999809265137,0.0,1362.0,556.3,33.0
6176768.0,2927.7933356761932,16853.0,40.0,16.475000381469727,0.0,1242.0,510.0,27.0
6193152.0,2935.590705394745,16883.0,40.0,17.674999237060547,0.0,1235.0,523.8,11.0
6209536.0,2943.3555035591125,16915.0,40.0,16.350000381469727,0.0,1235.0,530.825,17.0
6225920.0,2951.156915664673,16946.0,41.0,14.399999618530273,0.0,1367.0,505.275,44.0
6242304.0,2958.931744337082,16976.0,40.0,15.0,0.0,1218.0,491.975,50.0
6258688.0,2966.703242778778,17015.0,41.0,13.399999618530273,0.0,1369.0,518.35,62.0
6275072.0,2974.511208295822,17050.0,41.0,12.149999618530273,0.0,1591.0,499.125,49.0
6291456.0,2982.2849111557007,17082.0,40.0,13.300000190734863,0.0,1229.0,470.725,15.0
6307840.0,2990.0894825458527,17108.0,40.0,11.274999618530273,0.0,1229.0,457.425,15.0
6324224.0,2997.846745491028,17146.0,40.0,9.875,0.0,1541.0,431.55,46.0
6340608.0,3005.6258997917175,17184.0,40.0,14.725000381469727,0.0,1357.0,501.75,67.0
6356992.0,3013.3893377780914,17222.0,40.0,12.300000190734863,0.0,1457.0,501.35,73.0
6373376.0,3021.1809515953064,17257.0,40.0,11.925000190734863,0.0,2180.0,493.575,34.0
6389760.0,3028.9672853946686,17296.0,40.0,13.550000190734863,0.0,1439.0,460.475,37.0
6406144.0,3036.754324197769,17331.0,40.0,11.449999809265137,0.0,1273.0,452.525,25.0
6422528.0,3044.5145316123962,17372.0,40.0,11.125,0.0,1210.0,455.575,57.0
6438912.0,3052.297297000885,17401.0,40.0,8.5,0.0,1085.0,394.95,58.0
6455296.0,3060.059229373932,17435.0,40.0,12.199999809265137,0.0,1271.0,455.1,8.0
6471680.0,3067.8496191501617,17478.0,40.0,9.824999809265137,0.0,1463.0,372.525,18.0
6488064.0,3075.5829935073853,17516.0,40.0,11.25,0.0,1588.0,464.575,17.0
6504448.0,3083.3599665164948,17552.0,40.0,14.774999618530273,0.0,1585.0,544.675,88.0
6520832.0,3091.123265981674,17588.0,40.0,9.0,0.0,1161.0,417.3,27.0
6537216.0,3098.910302877426,17627.0,40.0,9.399999618530273,0.0,1218.0,410.175,16.0
6553600.0,3106.6766324043274,17655.0,40.0,9.850000381469727,0.0,1028.0,441.0,9.0
6569984.0,3114.471500635147,17698.0,40.0,12.600000381469727,0.0,1285.0,482.65,6.0
6586368.0,3122.2324545383453,17735.0,40.0,10.274999618530273,0.0,1071.0,400.675,6.0
6602752.0,3130.031309604645,17763.0,40.0,11.875,0.0,1516.0,488.0,6.0
6619136.0,3137.805850982666,17801.0,40.0,13.625,0.0,1255.0,520.95,9.0
6635520.0,3145.6185264587402,17830.0,40.0,9.425000190734863,0.0,1174.0,415.675,9.0
6651904.0,3153.395017385483,17870.0,41.0,12.5,0.0,1169.0,420.975,32.0
6668288.0,3161.199800014496,17907.0,40.0,13.350000381469727,0.0,1425.0,452.25,46.0
6684672.0,3168.985883951187,17951.0,40.0,12.800000190734863,0.0,1370.0,488.4,29.0
6701056.0,3176.745798587799,17979.0,41.0,13.050000190734863,0.0,1370.0,450.875,29.0
6717440.0,3184.535073041916,18019.0,40.0,12.75,0.0,1574.0,453.225,25.0
6733824.0,3192.235068321228,18053.0,40.0,14.300000190734863,0.0,1574.0,492.425,7.0
6750208.0,3200.0201427936554,18093.0,41.0,12.550000190734863,0.0,1342.0,492.0,19.0
6766592.0,3207.796951532364,18125.0,40.0,11.824999809265137,0.0,1265.0,467.65,21.0
6782976.0,3215.5919086933136,18158.0,40.0,9.675000190734863,0.0,1022.0,389.65,8.0
6799360.0,3223.3425784111023,18185.0,40.0,10.824999809265137,0.0,1430.0,426.975,8.0
6815744.0,3231.1372101306915,18223.0,40.0,12.800000190734863,0.0,1288.0,506.45,62.0
6832128.0,3238.8958082199097,18262.0,40.0,8.725000381469727,0.0,1462.0,448.75,7.0
6848512.0,3246.679267883301,18297.0,40.0,10.649999618530273,0.0,1513.0,431.3,7.0
6864896.0,3254.4511110782623,18333.0,40.0,14.274999618530273,0.0,1380.0,441.15,9.0
6881280.0,3262.233146905899,18374.0,40.0,10.800000190734863,0.0,1391.0,460.825,61.0
6897664.0,3269.9944643974304,18404.0,40.0,14.375,0.0,1391.0,551.9,43.0
6914048.0,3277.791310787201,18436.0,40.0,10.800000190734863,0.0,1029.0,462.8,49.0
6930432.0,3285.536312818527,18470.0,40.0,13.300000190734863,0.0,1442.0,526.95,31.0
6946816.0,3293.313900947571,18496.0,40.0,13.300000190734863,0.0,1442.0,527.9,42.0
6963200.0,3301.0744104385376,18530.0,40.0,11.75,0.0,1245.0,463.4,15.0
6979584.0,3308.873316049576,18562.0,40.0,14.050000190734863,0.0,1279.0,530.1,26.0
6995968.0,3316.645049095154,18600.0,40.0,12.050000190734863,0.0,1245.0,447.65,27.0
7012352.0,3324.43545126915,18649.0,40.0,8.399999618530273,0.0,1408.0,373.125,34.0
7028736.0,3332.2014424800873,18685.0,40.0,10.050000190734863,0.0,1437.0,407.025,21.0
7045120.0,3340.0056347846985,18732.0,40.0,12.149999618530273,0.0,1312.0,449.4,8.0
7061504.0,3347.7731580734253,18766.0,40.0,8.875,0.0,1496.0,406.075,29.0
7077888.0,3355.5628910064697,18804.0,40.0,8.149999618530273,0.0,1177.0,386.8,54.0
7094272.0,3363.35014462471,18827.0,40.0,8.774999618530273,0.0,1211.0,403.75,39.0
7110656.0,3371.1243307590485,18867.0,40.0,11.524999618530273,0.0,1343.0,467.125,33.0
7127040.0,3378.952991962433,18897.0,41.0,12.574999809265137,0.0,1333.0,494.8,47.0
7143424.0,3386.702740430832,18930.0,41.0,13.774999618530273,0.0,1287.0,487.55,40.0
7159808.0,3394.506857395172,18957.0,40.0,15.800000190734863,0.0,1287.0,558.025,27.0
7176192.0,3402.260495185852,18997.0,40.0,16.799999237060547,0.0,1572.0,585.45,24.0
7192576.0,3410.046576499939,19024.0,40.0,15.074999809265137,0.0,1572.0,562.325,24.0
7208960.0,3417.808218717575,19057.0,40.0,11.475000381469727,0.0,1239.0,441.625,41.0
7225344.0,3425.6078395843506,19089.0,40.0,15.225000381469727,0.0,1239.0,529.025,44.0
7241728.0,3433.3993911743164,19108.0,40.0,14.449999809265137,0.0,1200.0,532.15,46.0
7258112.0,3441.1997678279877,19142.0,40.0,15.774999618530273,0.0,1485.0,593.725,6.0
7274496.0,3448.9792308807373,19177.0,40.0,13.699999809265137,0.0,1529.0,501.65,6.0
7290880.0,3456.787031888962,19211.0,40.0,14.625,0.0,1529.0,540.35,40.0
7307264.0,3464.5630207061768,19246.0,41.0,11.600000381469727,0.0,1383.0,459.125,22.0
7323648.0,3472.3436024188995,19280.0,41.0,14.125,0.0,1383.0,495.775,36.0
7340032.0,3480.101395845413,19304.0,40.0,13.475000381469727,0.0,1179.0,473.625,36.0
7356416.0,3487.7832872867584,19340.0,40.0,14.574999809265137,0.0,1315.0,531.45,8.0
7372800.0,3495.5575466156006,19360.0,40.0,14.475000381469727,0.0,1651.0,570.775,47.0
7389184.0,3503.3512847423553,19381.0,41.0,16.225000381469727,0.0,1651.0,632.15,47.0
7405568.0,3511.051189661026,19414.0,40.0,18.700000762939453,0.0,1395.0,667.675,33.0
7421952.0,3518.839421749115,19448.0,40.0,12.375,0.0,1349.0,505.4,69.0
7438336.0,3526.6020925045013,19484.0,40.0,13.175000190734863,0.0,1395.0,466.575,26.0
7454720.0,3534.37708234787,19514.0,40.0,10.800000190734863,0.0,1331.0,415.0,44.0
7471104.0,3542.1280024051666,19550.0,41.0,15.875,0.0,1514.0,541.175,35.0
7487488.0,3549.9164304733276,19580.0,40.0,9.475000381469727,0.0,1178.0,387.5,33.0
7503872.0,3557.6623215675354,19610.0,40.0,17.024999618530273,0.0,1424.0,577.675,39.0
7520256.0,3565.4252405166626,19646.0,40.0,14.324999809265137,0.0,1406.0,517.3,28.0
7536640.0,3573.222100019455,19676.0,40.0,12.850000381469727,0.0,1679.0,489.8,30.0
7553024.0,3580.996540784836,19706.0,41.0,16.774999618530273,0.0,1679.0,540.325,18.0
7569408.0,3588.783698320389,19741.0,41.0,12.925000190734863,0.0,1293.0,456.75,3.0
7585792.0,3596.555528640747,19778.0,40.0,17.125,0.0,1334.0,561.6,14.0
7602176.0,3604.351850748062,19805.0,40.0,13.300000190734863,0.0,1658.0,507.75,50.0
7618560.0,3612.100729703903,19836.0,40.0,13.274999618530273,0.0,1124.0,431.475,34.0
7634944.0,3619.9162385463715,19865.0,40.0,13.225000381469727,0.0,1248.0,484.025,34.0
7651328.0,3627.691519498825,19897.0,40.0,17.149999618530273,0.0,1448.0,636.075,70.0
7667712.0,3635.473150253296,19928.0,40.0,12.625,0.0,1471.0,498.475,6.0
7684096.0,3643.255793571472,19969.0,41.0,10.600000381469727,0.0,1218.0,422.675,15.0
7700480.0,3651.058033466339,20004.0,40.0,13.324999809265137,0.0,1472.0,490.6,24.0
7716864.0,3658.847697019577,20042.0,40.0,8.925000190734863,0.0,1459.0,404.875,37.0
7733248.0,3666.637028694153,20074.0,40.0,13.024999618530273,0.0,1459.0,501.5,20.0
7749632.0,3674.380701780319,20115.0,40.0,12.949999809265137,0.0,1320.0,444.15,22.0
7766016.0,3682.1674423217773,20152.0,40.0,13.0,0.0,1239.0,453.575,14.0
7782400.0,3689.945799589157,20187.0,40.0,10.274999618530273,0.0,1175.0,405.35,38.0
7798784.0,3697.751263141632,20215.0,40.0,10.725000381469727,0.0,1559.0,460.925,38.0
7815168.0,3705.5280690193176,20246.0,40.0,16.375,0.0,1492.0,611.15,39.0
7831552.0,3713.323498249054,20276.0,40.0,14.550000190734863,0.0,1515.0,561.575,39.0
7847936.0,3721.0786833763123,20310.0,41.0,12.5,0.0,1281.0,517.35,37.0
7864320.0,3728.8903448581696,20339.0,40.0,12.800000190734863,0.0,1424.0,503.15,37.0
7880704.0,3736.658509016037,20367.0,41.0,14.175000190734863,0.0,1492.0,578.85,34.0
7897088.0,3744.449312210083,20392.0,41.0,14.25,0.0,1492.0,559.075,34.0
7913472.0,3752.141767501831,20423.0,40.0,14.574999809265137,0.0,1459.0,518.8,38.0
7929856.0,3759.907112121582,20452.0,40.0,16.100000381469727,0.0,1459.0,572.775,38.0
7946240.0,3767.691205739975,20478.0,40.0,15.25,0.0,1296.0,578.0,9.0
7962624.0,3775.486427307129,20517.0,40.0,13.975000381469727,0.0,1332.0,518.275,9.0
7979008.0,3783.2641575336456,20546.0,41.0,14.475000381469727,0.0,1356.0,538.325,7.0
7995392.0,3791.0427899360657,20570.0,41.0,14.199999809265137,0.0,1278.0,524.65,87.0
8011776.0,3798.867285013199,20601.0,40.0,16.325000762939453,0.0,1492.0,559.7,6.0
8028160.0,3806.646565914154,20635.0,40.0,14.550000190734863,0.0,1218.0,519.775,35.0
8044544.0,3814.449779033661,20676.0,40.0,8.975000381469727,0.0,1475.0,400.2,2.0
8060928.0,3822.226018667221,20700.0,40.0,11.350000381469727,0.0,1559.0,512.175,2.0
8077312.0,3830.024758577347,20725.0,40.0,14.375,0.0,1465.0,558.075,37.0
8093696.0,3837.791340112686,20758.0,40.0,16.575000762939453,0.0,1424.0,614.925,24.0
8110080.0,3845.5855779647827,20785.0,40.0,19.899999618530273,0.0,1424.0,689.7,24.0
8126464.0,3853.343770265579,20816.0,40.0,13.324999809265137,0.0,1257.0,491.55,24.0
8142848.0,3861.14977145195,20838.0,40.0,12.75,0.0,1655.0,531.825,24.0
8159232.0,3868.933240890503,20876.0,40.0,17.674999237060547,0.0,1417.0,626.3,26.0
8175616.0,3876.7431077957153,20904.0,40.0,12.699999809265137,0.0,1428.0,534.525,20.0
8192000.0,3884.516021966934,20936.0,40.0,12.774999618530273,0.0,1307.0,473.35,3.0
8208384.0,3892.3232016563416,20969.0,40.0,15.375,0.0,1443.0,543.425,46.0
8224768.0,3900.094619512558,20991.0,40.0,14.0,0.0,1443.0,513.875,2.0
8241152.0,3907.882927417755,21020.0,40.0,14.725000381469727,0.0,1402.0,573.875,2.0
8257536.0,3915.6292901039124,21043.0,40.0,18.25,0.0,1432.0,642.575,7.0
8273920.0,3923.4371070861816,21066.0,40.0,17.75,0.0,1432.0,609.9,17.0
8290304.0,3931.2384548187256,21103.0,41.0,19.649999618530273,0.0,1427.0,706.4,39.0
8306688.0,3939.050887823105,21125.0,40.0,16.850000381469727,0.0,1625.0,602.075,16.0
8323072.0,3946.8209772109985,21153.0,41.0,15.425000190734863,0.0,1625.0,556.9,52.0
8339456.0,3954.6097996234894,21177.0,41.0,16.549999237060547,0.0,1526.0,615.425,62.0
8355840.0,3962.3698987960815,21208.0,40.0,16.924999237060547,0.0,1733.0,619.425,10.0
8372224.0,3970.1676166057587,21240.0,41.0,14.199999809265137,0.0,1360.0,543.25,10.0
8388608.0,3977.931258916855,21268.0,40.0,15.475000381469727,0.0,1360.0,581.95,34.0
8404992.0,3985.716320991516,21301.0,40.0,14.25,0.0,1371.0,519.65,12.0
8421376.0,3993.323306322098,21335.0,40.0,14.225000381469727,0.0,1267.0,491.25,11.0
8437760.0,4000.9661343097687,21364.0,40.0,12.875,0.0,1419.0,494.0,25.0
8454144.0,4008.7721769809723,21388.0,41.0,17.149999618530273,0.0,1777.0,620.1,25.0
8470528.0,4016.542051076889,21417.0,41.0,15.100000381469727,0.0,1777.0,601.975,50.0
8486912.0,4024.338687181473,21447.0,40.0,15.375,0.0,1551.0,557.3,13.0
8503296.0,4032.1078288555145,21478.0,40.0,17.174999237060547,0.0,1346.0,543.175,13.0
8519680.0,4039.8998045921326,21508.0,40.0,16.375,0.0,1346.0,524.75,18.0
8536064.0,4047.669830560684,21540.0,40.0,14.175000190734863,0.0,1325.0,508.15,33.0
8552448.0,4055.4708936214447,21578.0,40.0,20.024999618530273,0.0,1464.0,648.8,8.0
8568832.0,4063.2294533252716,21617.0,40.0,9.524999618530273,0.0,1303.0,354.925,29.0
8585216.0,4070.9804651737213,21643.0,40.0,12.875,0.0,1201.0,445.875,24.0
8601600.0,4078.7485780715942,21666.0,40.0,18.325000762939453,0.0,1267.0,519.875,8.0
8617984.0,4086.527540206909,21696.0,40.0,18.600000381469727,0.0,1306.0,567.65,48.0
8634368.0,4094.2791035175323,21721.0,41.0,21.725000381469727,0.0,1515.0,667.65,38.0
8650752.0,4102.067380905151,21746.0,40.0,21.75,0.0,1515.0,702.15,3.0
8667136.0,4109.793706417084,21779.0,41.0,17.149999618530273,0.0,1145.0,538.95,9.0
8683520.0,4117.578535795212,21812.0,40.0,17.899999618530273,0.0,1365.0,590.975,22.0
8699904.0,4125.222878456116,21838.0,40.0,17.549999237060547,0.0,1360.0,572.4,61.0
8716288.0,4132.994558572769,21869.0,40.0,13.300000190734863,0.0,1326.0,478.95,45.0
8732672.0,4140.766445398331,21893.0,40.0,17.424999237060547,0.0,1248.0,575.125,58.0
8749056.0,4148.564002752304,21921.0,40.0,17.950000762939453,0.0,1236.0,617.375,34.0
8765440.0,4156.327988624573,21951.0,40.0,18.475000381469727,0.0,1387.0,625.875,19.0
8781824.0,4164.114191532135,21990.0,40.0,14.350000381469727,0.0,1328.0,548.4,50.0
8798208.0,4171.893482208252,22028.0,40.0,8.449999809265137,0.0,1052.0,389.475,53.0
8814592.0,4179.685640573502,22058.0,40.0,13.074999809265137,0.0,1306.0,494.1,55.0
8830976.0,4187.470146179199,22096.0,40.0,9.024999618530273,0.0,1031.0,436.025,6.0
8847360.0,4195.282568693161,22124.0,40.0,11.399999618530273,0.0,1017.0,456.5,49.0
8863744.0,4203.064939498901,22150.0,40.0,14.550000190734863,0.0,1853.0,581.5,57.0
8880128.0,4210.845740318298,22186.0,40.0,11.800000190734863,0.0,1428.0,507.425,21.0
8896512.0,4218.659385681152,22221.0,41.0,13.5,0.0,1129.0,509.325,65.0
8912896.0,4226.42774438858,22244.0,41.0,16.799999237060547,0.0,1621.0,572.925,29.0
8929280.0,4234.218967676163,22270.0,40.0,10.0,0.0,1552.0,493.325,29.0
8945664.0,4241.995847225189,22298.0,40.0,13.774999618530273,0.0,1552.0,576.55,55.0
8962048.0,4249.793906450272,22331.0,40.0,12.475000381469727,0.0,1147.0,529.875,21.0
8978432.0,4257.541335582733,22359.0,40.0,16.024999618530273,0.0,1496.0,605.0,21.0
8994816.0,4265.331611633301,22391.0,40.0,12.725000381469727,0.0,1579.0,541.0,13.0
9011200.0,4273.084621667862,22419.0,40.0,14.375,0.0,1579.0,595.475,13.0
9027584.0,4280.899360656738,22443.0,40.0,14.675000190734863,0.0,1416.0,574.9,36.0
9043968.0,4288.681155204773,22478.0,40.0,10.149999618530273,0.0,1219.0,450.175,14.0
9060352.0,4296.471740961075,22506.0,40.0,13.800000190734863,0.0,1805.0,607.75,62.0
9076736.0,4304.24761223793,22546.0,40.0,10.0,0.0,1762.0,480.625,34.0
9093120.0,4312.030792951584,22573.0,40.0,11.449999809265137,0.0,1559.0,473.85,27.0
9109504.0,4319.800478696823,22602.0,40.0,12.975000381469727,0.0,1320.0,499.2,27.0
9125888.0,4327.608151912689,22626.0,41.0,16.625,0.0,1307.0,582.125,35.0
9142272.0,4335.372841596603,22653.0,40.0,13.75,0.0,1441.0,498.5,39.0
9158656.0,4343.175737142563,22680.0,40.0,15.274999618530273,0.0,1571.0,576.8,2.0
9175040.0,4350.968462467194,22713.0,40.0,15.225000381469727,0.0,1571.0,621.65,2.0
9191424.0,4358.772721529007,22745.0,40.0,12.149999618530273,0.0,1640.0,542.825,55.0
9207808.0,4366.476543903351,22764.0,40.0,12.375,0.0,1668.0,599.725,64.0
9224192.0,4374.154265880585,22786.0,40.0,14.050000190734863,0.0,1668.0,602.95,4.0
9240576.0,4381.717243432999,22823.0,40.0,16.825000762939453,0.0,1749.0,678.375,15.0
9256960.0,4389.4986736774445,22846.0,41.0,15.949999809265137,0.0,1609.0,618.35,15.0
9273344.0,4397.362301111221,22869.0,41.0,14.675000190734863,0.0,1640.0,554.2,51.0
9289728.0,4405.119557619095,22898.0,40.0,13.199999809265137,0.0,1640.0,492.375,50.0
9306112.0,4412.8683342933655,22929.0,40.0,18.350000381469727,0.0,1761.0,685.35,42.0
9322496.0,4420.643607854843,22964.0,40.0,12.725000381469727,0.0,1339.0,528.0,35.0
9338880.0,4428.422116279602,22996.0,40.0,8.5,0.0,2151.0,385.5,35.0
9355264.0,4436.172934293747,23019.0,41.0,13.850000381469727,0.0,2151.0,545.525,35.0
9371648.0,4443.971633911133,23058.0,41.0,16.524999618530273,0.0,3925.0,632.525,3.0
9388032.0,4451.623365163803,23094.0,40.0,13.425000190734863,0.0,1349.0,466.15,27.0
9404416.0,4459.426222324371,23132.0,40.0,11.324999809265137,0.0,1421.0,471.575,48.0
9420800.0,4467.199421882629,23156.0,41.0,13.600000381469727,0.0,1456.0,525.625,35.0
9437184.0,4474.990761995316,23189.0,40.0,15.625,0.0,1456.0,591.875,54.0
9453568.0,4482.762820959091,23226.0,41.0,12.350000381469727,0.0,1225.0,501.725,14.0
9469952.0,4490.542809724808,23250.0,40.0,11.524999618530273,0.0,1191.0,449.2,31.0
9486336.0,4498.303206920624,23277.0,40.0,16.575000762939453,0.0,1306.0,614.05,2.0
9502720.0,4506.100630998611,23311.0,41.0,14.074999809265137,0.0,1424.0,521.425,30.0
9519104.0,4513.842192649841,23339.0,41.0,18.049999237060547,0.0,1456.0,643.475,44.0
9535488.0,4521.630980730057,23361.0,40.0,15.699999809265137,0.0,1456.0,582.975,32.0
9551872.0,4529.419668197632,23388.0,41.0,13.475000381469727,0.0,1618.0,532.975,32.0
9568256.0,4537.211040019989,23412.0,41.0,16.274999618530273,0.0,1620.0,583.925,30.0
9584640.0,4544.984875679016,23448.0,40.0,21.924999237060547,0.0,1494.0,690.075,54.0
9601024.0,4552.782987833023,23480.0,40.0,16.600000381469727,0.0,1327.0,554.175,49.0
9617408.0,4560.542798757553,23509.0,40.0,14.074999809265137,0.0,1570.0,531.3,30.0
9633792.0,4568.334076166153,23532.0,40.0,15.699999809265137,0.0,1686.0,599.925,30.0
9650176.0,4576.09814119339,23565.0,41.0,12.875,0.0,1310.0,508.225,43.0
9666560.0,4583.901431798935,23594.0,40.0,14.975000381469727,0.0,1570.0,572.025,6.0
9682944.0,4591.6702263355255,23626.0,40.0,13.475000381469727,0.0,1366.0,509.625,6.0
9699328.0,4599.469788551331,23651.0,41.0,12.925000190734863,0.0,1788.0,513.625,36.0
9715712.0,4607.265037536621,23682.0,40.0,15.074999809265137,0.0,1507.0,580.15,21.0
9732096.0,4614.870788097382,23727.0,40.0,12.350000381469727,0.0,1260.0,444.3,36.0
9748480.0,4622.669656991959,23767.0,41.0,13.574999809265137,0.0,1317.0,487.525,32.0
9764864.0,4630.435481786728,23806.0,41.0,8.875,0.0,1072.0,379.025,81.0
9781248.0,4638.262277603149,23833.0,41.0,11.925000190734863,0.0,1234.0,491.6,33.0
9797632.0,4646.034850597382,23866.0,40.0,10.725000381469727,0.0,1234.0,459.725,40.0
9814016.0,4653.822702169418,23903.0,41.0,10.925000190734863,0.0,1191.0,416.425,25.0
9830400.0,4661.608491420746,23941.0,41.0,11.475000381469727,0.0,1471.0,462.025,14.0
9846784.0,4669.39879655838,23974.0,40.0,9.050000190734863,0.0,1163.0,395.475,25.0
9863168.0,4677.164373397827,24007.0,41.0,13.600000381469727,0.0,1484.0,519.425,25.0
9879552.0,4684.959593296051,24042.0,40.0,11.875,0.0,1779.0,473.75,37.0
9895936.0,4692.742737531662,24076.0,40.0,14.0,0.0,1403.0,540.65,22.0
9912320.0,4700.538274526596,24105.0,40.0,12.350000381469727,0.0,1349.0,470.475,29.0
9928704.0,4708.3126745224,24130.0,40.0,13.824999809265137,0.0,1320.0,505.325,29.0
9945088.0,4716.127864122391,24160.0,40.0,16.924999237060547,0.0,1201.0,624.85,39.0
9961472.0,4723.911191225052,24181.0,40.0,17.75,0.0,1327.0,643.475,39.0
9977856.0,4731.712716817856,24206.0,41.0,15.100000381469727,0.0,1567.0,581.875,46.0
9994240.0,4739.480164527893,24247.0,40.0,17.274999618530273,0.0,1493.0,589.825,9.0
10010624.0,4747.262894630432,24263.0,40.0,16.625,0.0,1493.0,589.35,9.0
10027008.0,4755.0198793411255,24302.0,40.0,16.725000381469727,0.0,1556.0,631.95,40.0
10043392.0,4762.817979812622,24334.0,41.0,15.274999618530273,0.0,1502.0,567.325,6.0
10059776.0,4770.591095924377,24374.0,40.0,11.600000381469727,0.0,1395.0,486.275,9.0
10076160.0,4778.3853142261505,24414.0,40.0,9.475000381469727,0.0,1296.0,366.125,19.0
10092544.0,4786.158047437668,24446.0,41.0,9.824999809265137,0.0,1210.0,404.0,25.0
10108928.0,4793.9506850242615,24480.0,41.0,13.475000381469727,0.0,1280.0,512.35,5.0
10125312.0,4801.722097873688,24503.0,40.0,13.100000381469727,0.0,1262.0,505.75,5.0
10141696.0,4809.525915622711,24523.0,40.0,16.25,0.0,1262.0,567.25,38.0
10158080.0,4817.323874473572,24556.0,40.0,17.774999618530273,0.0,1465.0,630.575,9.0
10174464.0,4825.105254173279,24581.0,40.0,18.399999618530273,0.0,1299.0,620.275,9.0
10190848.0,4832.899410009384,24611.0,40.0,17.5,0.0,1602.0,668.675,16.0
10207232.0,4840.666196107864,24644.0,40.0,14.824999809265137,0.0,1602.0,558.575,42.0
10223616.0,4848.46683049202,24662.0,40.0,15.600000381469727,0.0,1204.0,566.65,53.0
10240000.0,4856.216483592987,24684.0,40.0,17.350000381469727,0.0,1349.0,659.075,36.0
10256384.0,4864.026460886002,24714.0,40.0,14.850000381469727,0.0,1308.0,610.075,2.0
10272768.0,4871.778428554535,24748.0,40.0,18.975000381469727,0.0,1336.0,654.0,49.0
10289152.0,4879.615031242371,24780.0,41.0,14.899999618530273,0.0,1533.0,563.5,15.0
10305536.0,4887.407346487045,24804.0,40.0,11.449999809265137,0.0,1413.0,501.275,18.0
10321920.0,4895.194510221481,24841.0,40.0,11.699999809265137,0.0,1248.0,437.075,12.0
10338304.0,4902.980539321899,24883.0,40.0,11.100000381469727,0.0,1429.0,459.625,6.0
10354688.0,4910.649176836014,24919.0,40.0,11.699999809265137,0.0,1437.0,479.725,36.0
10371072.0,4918.408126115799,24952.0,40.0,10.375,0.0,1744.0,492.225,49.0
10387456.0,4926.187326908112,24981.0,40.0,8.524999618530273,0.0,1404.0,370.475,26.0
10403840.0,4933.947884082794,25020.0,40.0,16.049999237060547,0.0,1412.0,666.375,40.0
10420224.0,4941.7476127147675,25054.0,41.0,10.550000190734863,0.0,1354.0,442.225,35.0
10436608.0,4949.52162194252,25087.0,40.0,8.949999809265137,0.0,1229.0,377.1,8.0
10452992.0,4957.349598646164,25126.0,40.0,9.149999618530273,0.0,1166.0,426.35,49.0
10469376.0,4965.125898599625,25171.0,40.0,13.199999809265137,0.0,1301.0,455.225,24.0
10485760.0,4972.927352428436,25200.0,40.0,14.75,0.0,1338.0,495.175,24.0
10502144.0,4980.702100276947,25238.0,40.0,10.350000381469727,0.0,1470.0,454.775,44.0
10518528.0,4988.4507257938385,25274.0,40.0,8.449999809265137,0.0,1141.0,348.125,8.0
10534912.0,4995.934533119202,25311.0,40.0,11.375,0.0,1194.0,466.225,2.0
10551296.0,5003.718261957169,25347.0,40.0,15.524999618530273,0.0,1203.0,568.475,25.0
10567680.0,5011.488929271698,25386.0,40.0,9.050000190734863,0.0,1279.0,403.95,2.0
10584064.0,5019.302876710892,25419.0,40.0,10.074999809265137,0.0,1250.0,400.525,38.0
10600448.0,5027.093451499939,25446.0,40.0,13.324999809265137,0.0,3321.0,509.225,29.0
10616832.0,5034.849890947342,25483.0,40.0,13.074999809265137,0.0,1327.0,456.35,12.0
10633216.0,5042.542757511139,25515.0,40.0,16.424999237060547,0.0,1221.0,516.15,2.0
10649600.0,5050.314474582672,25543.0,40.0,18.524999618530273,0.0,1465.0,613.7,35.0
10665984.0,5057.976978063583,25568.0,40.0,18.825000762939453,0.0,1465.0,600.35,61.0
10682368.0,5065.538181304932,25606.0,40.0,15.149999618530273,0.0,1302.0,498.9,4.0
10698752.0,5073.330926895142,25634.0,40.0,14.350000381469727,0.0,1209.0,512.075,13.0
10715136.0,5081.110205411911,25674.0,40.0,10.324999809265137,0.0,1263.0,452.825,41.0
10731520.0,5088.918853521347,25703.0,40.0,11.074999809265137,0.0,1465.0,459.925,41.0
10747904.0,5096.696062088013,25727.0,40.0,15.274999618530273,0.0,1465.0,585.25,50.0
10764288.0,5104.4783589839935,25750.0,40.0,14.425000190734863,0.0,1446.0,593.15,38.0
10780672.0,5112.150708436966,25783.0,40.0,18.149999618530273,0.0,1399.0,669.7,19.0
10797056.0,5119.951876401901,25812.0,40.0,14.074999809265137,0.0,1399.0,512.15,19.0
10813440.0,5127.714252233505,25848.0,41.0,14.75,0.0,2199.0,507.75,20.0
10829824.0,5135.522075176239,25884.0,40.0,11.425000190734863,0.0,1357.0,446.3,15.0
10846208.0,5143.303529262543,25910.0,40.0,16.700000762939453,0.0,1296.0,591.3,15.0
10862592.0,5151.094596862793,25948.0,40.0,13.774999618530273,0.0,1335.0,481.35,3.0
10878976.0,5158.859312772751,25982.0,40.0,15.625,0.0,1457.0,520.3,9.0
10895360.0,5166.666599988937,26017.0,41.0,11.725000381469727,0.0,1051.0,443.65,28.0
10911744.0,5174.4309141635895,26057.0,40.0,10.149999618530273,0.0,1225.0,442.75,4.0
10928128.0,5182.226834058762,26086.0,40.0,10.524999618530273,0.0,1296.0,454.1,4.0
10944512.0,5190.019583463669,26122.0,40.0,12.850000381469727,0.0,1535.0,528.825,15.0
10960896.0,5197.809291601181,26154.0,40.0,12.175000190734863,0.0,1209.0,504.65,15.0
10977280.0,5205.578879356384,26187.0,40.0,10.774999618530273,0.0,1209.0,433.55,15.0
10993664.0,5213.379331827164,26225.0,40.0,12.875,0.0,1247.0,456.675,36.0
11010048.0,5221.151244878769,26269.0,40.0,11.675000190734863,0.0,1659.0,473.1,25.0
11026432.0,5228.806226730347,26306.0,41.0,12.425000190734863,0.0,1182.0,442.8,9.0
11042816.0,5236.5625648498535,26329.0,41.0,13.574999809265137,0.0,1392.0,470.05,26.0
11059200.0,5244.3305921554565,26363.0,40.0,14.550000190734863,0.0,1682.0,543.3,38.0
11075584.0,5252.121098041534,26387.0,40.0,15.324999809265137,0.0,1682.0,567.875,38.0
11091968.0,5259.892756938934,26411.0,40.0,17.350000381469727,0.0,1310.0,630.2,58.0
11108352.0,5267.571912288666,26446.0,40.0,16.125,0.0,1310.0,550.45,58.0
11124736.0,5275.33021736145,26477.0,41.0,17.950000762939453,0.0,1392.0,601.025,43.0
11141120.0,5283.136963605881,26505.0,40.0,15.875,0.0,1371.0,555.825,50.0
11157504.0,5290.890735626221,26542.0,40.0,12.800000190734863,0.0,1184.0,474.275,32.0
11173888.0,5298.684140443802,26571.0,40.0,14.399999618530273,0.0,1230.0,514.625,16.0
11190272.0,5306.454405784607,26604.0,40.0,17.174999237060547,0.0,1369.0,570.775,2.0
11206656.0,5314.2581350803375,26639.0,40.0,10.800000190734863,0.0,1293.0,483.675,55.0
11223040.0,5322.025102138519,26671.0,40.0,13.024999618530273,0.0,1440.0,518.5,45.0
11239424.0,5329.8312928676605,26697.0,40.0,13.399999618530273,0.0,1463.0,535.075,45.0
11255808.0,5337.606174945831,26728.0,40.0,15.399999618530273,0.0,1463.0,534.275,71.0
11272192.0,5345.402887582779,26767.0,40.0,12.050000190734863,0.0,1569.0,502.475,12.0
11288576.0,5353.145685195923,26802.0,40.0,13.324999809265137,0.0,1213.0,458.15,19.0
11304960.0,5360.950199604034,26830.0,40.0,17.450000762939453,0.0,1528.0,618.575,4.0
11321344.0,5368.726140022278,26865.0,40.0,8.75,0.0,1140.0,410.1,4.0
11337728.0,5376.519506692886,26897.0,40.0,15.774999618530273,0.0,2029.0,602.725,68.0
11354112.0,5384.278055906296,26931.0,40.0,12.225000381469727,0.0,1484.0,497.775,12.0
11370496.0,5392.064882516861,26963.0,40.0,8.399999618530273,0.0,1801.0,416.225,8.0
11386880.0,5399.7371735572815,26987.0,40.0,12.899999618530273,0.0,1801.0,524.55,31.0
11403264.0,5407.530999422073,27013.0,41.0,12.300000190734863,0.0,1278.0,523.1,38.0
11419648.0,5415.303965330124,27047.0,40.0,14.949999809265137,0.0,1332.0,613.425,55.0
11436032.0,5423.106071472168,27084.0,41.0,14.75,0.0,1429.0,564.225,17.0
11452416.0,5430.924093008041,27121.0,40.0,10.300000190734863,0.0,1045.0,465.275,47.0
11468800.0,5438.702380180359,27141.0,40.0,10.725000381469727,0.0,1392.0,440.8,10.0
11485184.0,5446.486981630325,27183.0,40.0,11.675000190734863,0.0,1610.0,516.7,40.0
11501568.0,5454.249924182892,27202.0,40.0,11.274999618530273,0.0,1293.0,501.225,59.0
11517952.0,5462.050364971161,27230.0,40.0,13.850000381469727,0.0,1700.0,553.675,39.0
11534336.0,5469.810680627823,27262.0,40.0,17.5,0.0,1529.0,624.725,27.0
11550720.0,5477.654532909393,27307.0,40.0,12.375,0.0,1273.0,495.35,38.0
11567104.0,5485.38396692276,27337.0,40.0,9.574999809265137,0.0,1361.0,427.75,35.0
11583488.0,5493.196905374527,27359.0,40.0,8.675000190734863,0.0,1356.0,394.325,54.0
11599872.0,5500.963223218918,27397.0,40.0,14.375,0.0,1409.0,592.3,33.0
11616256.0,5508.769333600998,27426.0,40.0,13.274999618530273,0.0,1284.0,534.75,33.0
11632640.0,5516.524503946304,27465.0,40.0,12.149999618530273,0.0,1536.0,478.35,17.0
11649024.0,5524.319585561752,27502.0,40.0,10.449999809265137,0.0,1359.0,490.1,3.0
11665408.0,5532.077604532242,27534.0,40.0,12.024999618530273,0.0,1359.0,544.925,3.0
11681792.0,5539.669607400894,27561.0,40.0,12.824999809265137,0.0,1247.0,530.9,36.0
11698176.0,5547.428415060043,27579.0,40.0,11.649999618530273,0.0,1347.0,472.625,11.0
11714560.0,5555.209558725357,27601.0,40.0,18.399999618530273,0.0,1347.0,646.4,11.0
11730944.0,5562.850399971008,27635.0,40.0,13.425000190734863,0.0,1400.0,517.55,52.0
11747328.0,5570.6340091228485,27685.0,40.0,14.324999809265137,0.0,1585.0,563.075,11.0
11763712.0,5578.390873193741,27714.0,40.0,11.875,0.0,1522.0,467.5,46.0
11780096.0,5586.203065633774,27754.0,40.0,10.199999809265137,0.0,1443.0,438.5,6.0
11796480.0,5593.854428529739,27783.0,40.0,12.550000190734863,0.0,1169.0,477.15,66.0
11812864.0,5601.447757482529,27813.0,40.0,12.949999809265137,0.0,1241.0,484.125,27.0
11829248.0,5609.085252523422,27841.0,40.0,14.300000190734863,0.0,1241.0,493.25,38.0
11845632.0,5616.869786500931,27870.0,41.0,16.549999237060547,0.0,1375.0,574.075,50.0
11862016.0,5624.414726257324,27904.0,41.0,16.5,0.0,1397.0,562.525,18.0
11878400.0,5632.197889328003,27935.0,40.0,13.300000190734863,0.0,1256.0,445.8,18.0
11894784.0,5639.999887704849,27969.0,40.0,14.649999618530273,0.0,1174.0,534.225,54.0
11911168.0,5647.778200626373,28001.0,40.0,15.550000190734863,0.0,1527.0,580.625,50.0
11927552.0,5655.491706132889,28028.0,40.0,12.274999618530273,0.0,1133.0,472.85,16.0
11943936.0,5663.063714265823,28066.0,40.0,18.875,0.0,4246.0,692.425,16.0
11960320.0,5670.651252269745,28102.0,40.0,13.774999618530273,0.0,1399.0,459.55,33.0
11976704.0,5678.414120912552,28128.0,40.0,12.449999809265137,0.0,1323.0,426.575,15.0
11993088.0,5686.21510052681,28148.0,41.0,12.649999618530273,0.0,1252.0,477.525,5.0
12009472.0,5693.987347126007,28171.0,41.0,17.725000381469727,0.0,1399.0,623.075,5.0
12025856.0,5701.790469884872,28204.0,40.0,18.075000762939453,0.0,1325.0,620.825,21.0
12042240.0,5709.549872636795,28224.0,40.0,20.799999237060547,1.0,1420.0,689.825,40.0
12058624.0,5717.396235227585,28256.0,40.0,16.899999618530273,0.0,1453.0,642.55,52.0
12075008.0,5725.159242153168,28280.0,41.0,17.575000762939453,0.0,1546.0,663.225,42.0
12091392.0,5732.96680188179,28302.0,41.0,14.449999809265137,0.0,1538.0,591.725,46.0
12107776.0,5740.733696460724,28331.0,40.0,15.25,0.0,1832.0,562.175,29.0
12124160.0,5748.53010559082,28366.0,40.0,12.725000381469727,0.0,1564.0,524.2,34.0
12140544.0,5756.103029489517,28405.0,40.0,18.174999237060547,0.0,1710.0,670.125,56.0
12156928.0,5763.825426101685,28431.0,40.0,11.75,0.0,1710.0,551.1,11.0
12173312.0,5771.586193561554,28459.0,41.0,14.074999809265137,0.0,1433.0,559.275,30.0
12189696.0,5779.37384057045,28480.0,41.0,19.975000381469727,0.0,1433.0,682.95,22.0
12206080.0,5787.159027099609,28518.0,40.0,11.824999809265137,0.0,1154.0,477.75,18.0
12222464.0,5794.969158649445,28543.0,40.0,14.074999809265137,0.0,1513.0,538.25,24.0
12238848.0,5802.731418848038,28575.0,41.0,18.375,0.0,1513.0,589.175,12.0
12255232.0,5810.52791428566,28605.0,41.0,18.475000381469727,0.0,1616.0,627.425,41.0
12271616.0,5818.286963701248,28643.0,40.0,15.350000381469727,0.0,1084.0,504.65,8.0
12288000.0,5826.089587688446,28669.0,40.0,14.100000381469727,0.0,1160.0,475.5,9.0
12304384.0,5833.827207565308,28700.0,40.0,12.425000190734863,0.0,1151.0,444.575,53.0
12320768.0,5841.6156895160675,28736.0,41.0,17.700000762939453,0.0,1159.0,556.95,12.0
12337152.0,5849.436406373978,28759.0,40.0,12.425000190734863,0.0,1467.0,470.625,36.0
12353536.0,5857.202852725983,28784.0,40.0,14.449999809265137,0.0,1410.0,515.225,44.0
12369920.0,5865.011529922485,28813.0,41.0,16.075000762939453,0.0,1410.0,534.975,44.0
12386304.0,5872.782268047333,28845.0,40.0,18.399999618530273,0.0,1249.0,579.6,11.0
12402688.0,5880.561012983322,28869.0,41.0,19.174999237060547,0.0,1289.0,555.725,11.0
12419072.0,5888.331243991852,28895.0,40.0,17.549999237060547,0.0,1648.0,568.25,41.0
12435456.0,5896.107006072998,28931.0,40.0,16.075000762939453,0.0,1355.0,567.775,12.0
12451840.0,5903.862142324448,28959.0,40.0,15.149999618530273,0.0,3539.0,607.8,12.0
12468224.0,5911.665573835373,28990.0,40.0,15.850000381469727,0.0,1286.0,532.825,22.0
12484608.0,5919.427891492844,29031.0,40.0,13.925000190734863,0.0,1108.0,471.975,12.0
12500992.0,5927.238324403763,29062.0,40.0,13.5,0.0,1403.0,443.0,12.0
12517376.0,5935.007448673248,29093.0,40.0,13.800000190734863,0.0,1555.0,530.05,43.0
12533760.0,5942.791617870331,29124.0,40.0,16.399999618530273,0.0,1714.0,530.325,40.0
12550144.0,5950.559087276459,29158.0,40.0,12.975000381469727,0.0,1119.0,446.925,48.0
12566528.0,5958.380798101425,29185.0,40.0,13.699999809265137,0.0,1325.0,452.275,6.0
12582912.0,5966.134850502014,29216.0,40.0,15.350000381469727,0.0,1325.0,511.225,2.0
12599296.0,5973.934093952179,29240.0,40.0,18.674999237060547,0.0,1477.0,610.625,2.0
12615680.0,5981.710206031799,29265.0,40.0,17.875,0.0,1477.0,622.925,94.0
12632064.0,5989.524616718292,29300.0,40.0,18.850000381469727,0.0,1608.0,627.925,15.0
12648448.0,5997.289264678955,29329.0,40.0,15.649999618530273,0.0,1608.0,586.85,54.0
12664832.0,6005.107367277145,29358.0,41.0,12.975000381469727,0.0,1449.0,478.825,42.0
12681216.0,6012.9105219841,29384.0,40.0,10.375,0.0,1473.0,458.4,26.0
12697600.0,6020.703726768494,29415.0,40.0,16.75,0.0,1568.0,615.95,26.0
12713984.0,6028.480433702469,29449.0,41.0,15.550000190734863,0.0,1306.0,527.5,7.0
12730368.0,6036.284500360489,29477.0,41.0,14.925000190734863,0.0,1521.0,536.65,7.0
12746752.0,6044.051695585251,29514.0,40.0,11.600000381469727,0.0,1364.0,415.75,41.0
12763136.0,6051.838466644287,29541.0,41.0,17.700000762939453,0.0,1227.0,533.925,41.0
12779520.0,6059.638445854187,29565.0,41.0,18.700000762939453,0.0,1170.0,574.8,15.0
12795904.0,6067.418344497681,29594.0,40.0,15.425000190734863,0.0,1240.0,541.175,58.0
12812288.0,6075.190014123917,29639.0,41.0,17.399999618530273,0.0,1371.0,582.425,24.0
12828672.0,6082.94895029068,29661.0,41.0,18.125,0.0,1371.0,575.975,24.0
12845056.0,6090.7511467933655,29691.0,40.0,16.174999237060547,0.0,1394.0,560.6,85.0
12861440.0,6098.5026977062225,29727.0,40.0,18.024999618530273,0.0,1362.0,572.675,48.0
12877824.0,6106.279653787613,29759.0,40.0,12.774999618530273,0.0,1124.0,466.65,49.0
12894208.0,6114.053081035614,29776.0,40.0,16.75,0.0,1534.0,603.1,49.0
12910592.0,6121.847202539444,29803.0,41.0,19.725000381469727,0.0,1534.0,670.575,6.0
12926976.0,6129.61976981163,29832.0,40.0,19.075000762939453,0.0,1246.0,583.425,9.0
12943360.0,6137.408470869064,29864.0,40.0,15.274999618530273,0.0,1272.0,508.475,9.0
12959744.0,6145.180822134018,29886.0,40.0,15.75,0.0,1405.0,559.825,45.0
12976128.0,6152.988371372223,29919.0,41.0,17.5,0.0,1249.0,567.1,60.0
12992512.0,6160.76389336586,29945.0,40.0,14.975000381469727,0.0,1164.0,490.1,23.0
13008896.0,6168.566732168198,29979.0,40.0,17.5,0.0,1246.0,589.05,46.0
13025280.0,6176.318858623505,30010.0,40.0,11.675000190734863,0.0,1392.0,477.675,28.0
13041664.0,6184.11855173111,30039.0,40.0,15.800000190734863,0.0,1232.0,535.35,40.0
13058048.0,6191.898200750351,30057.0,40.0,21.424999237060547,0.0,1243.0,622.525,40.0
13074432.0,6199.706998586655,30084.0,40.0,23.200000762939453,0.0,1243.0,710.375,56.0
13090816.0,6207.471281290054,30109.0,40.0,18.350000381469727,0.0,1142.0,605.9,56.0
13107200.0,6215.264347791672,30137.0,40.0,15.925000190734863,0.0,1327.0,547.9,67.0
13123584.0,6223.029497385025,30159.0,40.0,19.600000381469727,1.0,1416.0,645.075,77.0
13139968.0,6230.81040930748,30191.0,40.0,17.600000381469727,0.0,1551.0,607.875,25.0
13156352.0,6238.583141326904,30218.0,40.0,20.799999237060547,0.0,1467.0,684.8,78.0
13172736.0,6246.381997823715,30242.0,40.0,19.399999618530273,1.0,1308.0,635.075,78.0
13189120.0,6254.159539222717,30271.0,40.0,19.825000762939453,0.0,1474.0,614.35,87.0
13205504.0,6261.942353963852,30302.0,40.0,17.225000381469727,0.0,1238.0,575.8,50.0
13221888.0,6269.739104747772,30324.0,40.0,17.075000762939453,0.0,1238.0,556.175,50.0
13238272.0,6277.51177573204,30351.0,40.0,18.625,0.0,1328.0,614.525,5.0
13254656.0,6285.290500640869,30373.0,40.0,17.149999618530273,0.0,1328.0,556.25,5.0
13271040.0,6293.070980787277,30400.0,40.0,17.899999618530273,0.0,1489.0,563.1,40.0
13287424.0,6300.862993955612,30426.0,40.0,20.924999237060547,0.0,1639.0,660.2,14.0
13303808.0,6308.675668716431,30450.0,40.0,19.600000381469727,0.0,1664.0,698.075,14.0
13320192.0,6316.482865810394,30472.0,40.0,15.649999618530273,0.0,1664.0,611.825,14.0
13336576.0,6324.27220749855,30501.0,40.0,20.100000381469727,0.0,1677.0,674.725,14.0
13352960.0,6332.077210903168,30520.0,40.0,21.450000762939453,0.0,1677.0,749.0,29.0
13369344.0,6339.842772483826,30548.0,40.0,17.299999237060547,0.0,1636.0,638.55,27.0
13385728.0,6347.638476371765,30585.0,41.0,14.324999809265137,0.0,1558.0,527.3,27.0
13402112.0,6355.418536424637,30605.0,40.0,14.475000381469727,0.0,1402.0,527.175,46.0
13418496.0,6363.21975851059,30629.0,41.0,15.550000190734863,0.0,1420.0,559.9,52.0
13434880.0,6370.999425172806,30652.0,41.0,17.375,0.0,1484.0,641.6,45.0
13451264.0,6378.784388780594,30682.0,40.0,19.649999618530273,0.0,1685.0,668.7,9.0
13467648.0,6386.540222406387,30708.0,40.0,21.674999237060547,0.0,1526.0,704.9,66.0
13484032.0,6394.3190886974335,30734.0,41.0,20.674999237060547,0.0,1511.0,638.675,30.0
13500416.0,6402.074170351028,30763.0,40.0,13.925000190734863,0.0,1511.0,469.425,30.0
13516800.0,6409.887628793716,30792.0,40.0,13.024999618530273,0.0,1497.0,493.55,17.0
13533184.0,6417.638339757919,30816.0,40.0,18.725000381469727,0.0,1497.0,624.775,18.0
13549568.0,6425.4472715854645,30838.0,40.0,19.174999237060547,0.0,1234.0,601.275,18.0
13565952.0,6433.211604118347,30867.0,40.0,19.725000381469727,0.0,1327.0,602.375,39.0
13582336.0,6441.015710353851,30890.0,40.0,21.799999237060547,0.0,5276.0,784.075,39.0
13598720.0,6448.795042037964,30909.0,40.0,18.149999618530273,0.0,5276.0,827.65,48.0
13615104.0,6456.588660001755,30929.0,40.0,19.649999618530273,0.0,4941.0,790.375,48.0
13631488.0,6464.384967327118,30959.0,41.0,20.225000381469727,0.0,1584.0,708.375,25.0
13647872.0,6472.141407251358,30991.0,40.0,21.325000762939453,0.0,1432.0,682.95,45.0
13664256.0,6479.950523853302,31016.0,40.0,20.850000381469727,0.0,1443.0,659.2,41.0
13680640.0,6487.723931789398,31043.0,40.0,17.524999618530273,0.0,1651.0,570.55,17.0
13697024.0,6495.513072490692,31072.0,40.0,19.25,0.0,1651.0,582.65,17.0
13713408.0,6503.2668578624725,31101.0,41.0,18.299999237060547,0.0,1363.0,551.95,43.0
13729792.0,6511.069165945053,31132.0,40.0,15.850000381469727,0.0,1522.0,542.025,13.0
13746176.0,6518.845787525177,31161.0,40.0,13.274999618530273,0.0,1522.0,439.6,32.0
13762560.0,6526.646911144257,31187.0,40.0,19.149999618530273,0.0,1503.0,597.625,2.0
13778944.0,6534.44832110405,31211.0,40.0,19.075000762939453,0.0,1503.0,656.075,2.0
13795328.0,6542.263325214386,31233.0,40.0,20.674999237060547,0.0,1466.0,664.35,44.0
13811712.0,6550.0184099674225,31268.0,40.0,19.225000381469727,0.0,1663.0,632.55,27.0
13828096.0,6557.866974115372,31309.0,40.0,14.649999618530273,0.0,2582.0,532.45,13.0
13844480.0,6565.634356498718,31337.0,40.0,16.049999237060547,0.0,1241.0,519.875,38.0
13860864.0,6573.442093849182,31359.0,40.0,16.475000381469727,0.0,1241.0,534.1,56.0
13877248.0,6581.22536110878,31389.0,41.0,20.5,0.0,1487.0,602.1,16.0
13893632.0,6589.012263536453,31412.0,41.0,18.450000762939453,0.0,1369.0,577.475,4.0
13910016.0,6596.764552354813,31432.0,41.0,19.350000381469727,0.0,1369.0,626.275,4.0
13926400.0,6604.568791389465,31460.0,41.0,24.875,0.0,1322.0,704.15,15.0
13942784.0,6612.3406982421875,31487.0,40.0,21.299999237060547,0.0,1322.0,669.375,29.0
13959168.0,6620.142390489578,31515.0,40.0,20.225000381469727,0.0,1204.0,652.675,58.0
13975552.0,6627.897207260132,31541.0,41.0,20.850000381469727,0.0,1464.0,663.9,86.0
13991936.0,6635.704841852188,31569.0,40.0,17.575000762939453,0.0,1464.0,551.8,63.0
14008320.0,6643.462742567062,31595.0,40.0,17.350000381469727,0.0,1515.0,543.85,44.0
14024704.0,6651.251802682877,31630.0,40.0,18.424999237060547,0.0,1368.0,566.725,26.0
14041088.0,6659.012056827545,31661.0,40.0,16.625,0.0,1453.0,561.5,22.0
14057472.0,6666.810417413712,31698.0,40.0,16.575000762939453,0.0,1161.0,552.7,52.0
14073856.0,6674.5858952999115,31722.0,40.0,14.350000381469727,0.0,1363.0,531.725,31.0
14090240.0,6682.353058099747,31752.0,40.0,13.375,0.0,1234.0,466.425,31.0
14106624.0,6690.158873558044,31773.0,40.0,16.875,0.0,1234.0,572.675,37.0
14123008.0,6697.912564277649,31795.0,40.0,18.825000762939453,0.0,1386.0,642.975,54.0
14139392.0,6705.706275701523,31818.0,41.0,20.75,0.0,1550.0,696.85,9.0
14155776.0,6713.49122428894,31840.0,40.0,23.100000381469727,0.0,1619.0,719.1,45.0
14172160.0,6721.317986726761,31867.0,40.0,20.350000381469727,0.0,1566.0,644.275,17.0
14188544.0,6729.101238489151,31892.0,41.0,23.924999237060547,0.0,1471.0,727.85,36.0
14204928.0,6736.918069601059,31921.0,41.0,20.274999618530273,0.0,2068.0,690.0,44.0
14221312.0,6744.677435398102,31959.0,41.0,13.25,0.0,1472.0,500.35,38.0
14237696.0,6752.488448858261,31991.0,40.0,10.574999809265137,0.0,1531.0,450.5,42.0
14254080.0,6760.244251489639,32017.0,40.0,12.625,0.0,1531.0,483.975,44.0
14270464.0,6768.035431146622,32051.0,40.0,17.299999237060547,0.0,1253.0,606.2,44.0
14286848.0,6775.807690382004,32081.0,40.0,14.600000381469727,0.0,1245.0,555.125,94.0
14303232.0,6783.614101886749,32100.0,40.0,14.0,0.0,1100.0,507.075,85.0
14319616.0,6791.3400666713715,32123.0,40.0,17.350000381469727,0.0,1102.0,561.225,2.0
14336000.0,6799.118105649948,32151.0,40.0,23.5,0.0,1313.0,654.35,2.0
14352384.0,6806.878017425537,32191.0,40.0,13.274999618530273,0.0,1152.0,456.55,16.0
14368768.0,6814.678064823151,32214.0,40.0,17.375,0.0,1614.0,628.675,3.0
14385152.0,6822.439525842667,32231.0,40.0,20.75,0.0,1614.0,705.15,3.0
14401536.0,6830.186432123184,32248.0,40.0,19.825000762939453,0.0,1411.0,685.6,25.0
14417920.0,6837.954302072525,32274.0,40.0,24.0,0.0,1430.0,751.825,31.0
14434304.0,6845.75150513649,32297.0,40.0,25.475000381469727,0.0,5333.0,852.45,31.0
14450688.0,6853.527400016785,32322.0,40.0,21.450000762939453,0.0,5333.0,848.175,18.0
14467072.0,6861.353317260742,32351.0,40.0,16.125,0.0,1637.0,623.4,72.0
14483456.0,6869.126844167709,32372.0,41.0,17.625,0.0,1609.0,638.425,72.0
14499840.0,6876.934333562851,32395.0,41.0,22.200000762939453,0.0,1451.0,765.875,29.0
14516224.0,6884.626913070679,32423.0,40.0,15.75,0.0,1591.0,580.55,41.0
14532608.0,6892.301582098007,32443.0,40.0,16.950000762939453,0.0,1591.0,635.425,39.0
14548992.0,6900.091794729233,32463.0,40.0,21.024999618530273,0.0,1338.0,724.4,39.0
14565376.0,6907.828587293625,32494.0,40.0,18.299999237060547,0.0,1409.0,648.65,18.0
14581760.0,6915.61193561554,32529.0,41.0,14.274999618530273,0.0,1518.0,518.275,69.0
14598144.0,6923.377326250076,32560.0,40.0,17.950000762939453,0.0,1518.0,618.225,9.0
14614528.0,6931.183444976807,32591.0,40.0,13.225000381469727,0.0,1549.0,491.85,9.0
14630912.0,6938.970758676529,32609.0,40.0,16.149999618530273,0.0,1549.0,569.7,31.0
14647296.0,6946.766002655029,32627.0,40.0,17.200000762939453,0.0,1371.0,623.05,64.0
14663680.0,6954.549948453903,32645.0,40.0,23.75,0.0,1440.0,736.75,96.0
14680064.0,6962.365064382553,32672.0,41.0,29.5,0.0,1440.0,850.75,18.0
14696448.0,6970.139224529266,32703.0,40.0,18.850000381469727,0.0,1298.0,612.15,18.0
14712832.0,6977.819426774979,32730.0,41.0,19.174999237060547,0.0,4637.0,711.625,6.0
14729216.0,6985.601034402847,32760.0,41.0,17.549999237060547,0.0,1503.0,520.5,6.0
14745600.0,6993.2386775016785,32792.0,41.0,16.375,0.0,1408.0,512.55,12.0
14761984.0,7000.818634986877,32820.0,40.0,20.75,0.0,1408.0,611.15,12.0
14778368.0,7008.587429285049,32843.0,40.0,21.75,0.0,1433.0,622.125,27.0
14794752.0,7016.356546163559,32869.0,40.0,19.649999618530273,0.0,1326.0,617.725,22.0
14811136.0,7024.17803812027,32894.0,40.0,21.049999237060547,0.0,1407.0,641.2,23.0
14827520.0,7031.937409877777,32921.0,40.0,24.5,0.0,1529.0,740.775,9.0
14843904.0,7039.783705234528,32944.0,40.0,18.25,0.0,1529.0,624.55,9.0
14860288.0,7047.559485435486,32970.0,40.0,17.149999618530273,0.0,1355.0,585.725,68.0
14876672.0,7055.369899749756,32985.0,40.0,18.325000762939453,0.0,1462.0,663.025,51.0
14893056.0,7063.154495716095,33005.0,40.0,22.75,0.0,1462.0,789.975,46.0
14909440.0,7070.770987033844,33020.0,40.0,26.075000762939453,0.0,1474.0,852.2,46.0
14925824.0,7078.560965061188,33043.0,40.0,25.075000762939453,0.0,1474.0,812.775,71.0
14942208.0,7086.375623226166,33059.0,40.0,23.200000762939453,0.0,1707.0,778.925,70.0
14958592.0,7094.17546415329,33091.0,40.0,24.399999618530273,0.0,2792.0,909.975,8.0
14974976.0,7101.900924682617,33123.0,40.0,14.649999618530273,0.0,1576.0,535.85,8.0
14991360.0,7109.694366931915,33142.0,40.0,13.175000190734863,0.0,1414.0,539.225,15.0
15007744.0,7117.473217964172,33163.0,40.0,15.175000190734863,0.0,1347.0,597.775,13.0
15024128.0,7125.246716499329,33180.0,40.0,15.399999618530273,0.0,1350.0,601.125,13.0
15040512.0,7133.008894443512,33205.0,40.0,19.375,0.0,1737.0,768.975,52.0
15056896.0,7140.8113803863525,33228.0,41.0,20.424999237060547,0.0,1779.0,875.425,24.0
15073280.0,7148.583815097809,33255.0,40.0,13.25,0.0,1761.0,590.125,8.0
15089664.0,7156.407421827316,33289.0,41.0,17.350000381469727,0.0,1761.0,657.625,62.0
15106048.0,7164.19131231308,33308.0,41.0,15.774999618530273,0.0,1761.0,587.95,30.0
15122432.0,7172.000117301941,33329.0,40.0,16.149999618530273,0.0,2074.0,619.3,30.0
15138816.0,7179.775682687759,33345.0,40.0,19.375,0.0,3447.0,832.15,49.0
15155200.0,7187.568897247314,33361.0,40.0,18.225000381469727,0.0,3447.0,812.15,22.0
15171584.0,7195.363028049469,33388.0,40.0,21.424999237060547,0.0,1847.0,806.725,22.0
15187968.0,7203.174856185913,33416.0,40.0,17.524999618530273,0.0,1614.0,705.35,43.0
15204352.0,7210.963530063629,33447.0,40.0,15.524999618530273,0.0,1580.0,597.35,15.0
15220736.0,7218.775130033493,33471.0,40.0,16.924999237060547,0.0,2001.0,665.325,15.0
15237120.0,7226.551135778427,33495.0,40.0,15.550000190734863,0.0,1914.0,637.325,79.0
15253504.0,7234.23744225502,33518.0,40.0,19.649999618530273,0.0,3096.0,785.95,34.0
15269888.0,7242.007667303085,33545.0,40.0,17.25,0.0,3096.0,688.925,9.0
15286272.0,7249.821026325226,33578.0,40.0,22.174999237060547,0.0,4545.0,770.675,18.0
15302656.0,7257.593849897385,33601.0,40.0,18.375,0.0,4545.0,695.425,35.0
15319040.0,7265.390705823898,33628.0,40.0,12.649999618530273,0.0,2045.0,478.275,6.0
15335424.0,7273.15172123909,33647.0,40.0,15.675000190734863,0.0,1452.0,585.075,6.0
15351808.0,7280.947479248047,33675.0,40.0,20.549999237060547,0.0,1627.0,694.275,2.0
15368192.0,7288.733667373657,33707.0,41.0,21.424999237060547,0.0,1546.0,712.2,2.0
15384576.0,7296.541857004166,33727.0,41.0,17.875,0.0,1546.0,594.55,24.0
15400960.0,7304.346511125565,33754.0,40.0,15.800000190734863,0.0,2916.0,575.5,10.0
15417344.0,7312.1173758506775,33773.0,40.0,18.325000762939453,0.0,2916.0,640.15,10.0
15433728.0,7319.912114620209,33799.0,41.0,26.274999618530273,0.0,1396.0,771.175,32.0
15450112.0,7327.698550224304,33824.0,40.0,21.100000381469727,0.0,1396.0,678.825,51.0
15466496.0,7335.516037464142,33853.0,40.0,19.0,0.0,1859.0,647.775,20.0
15482880.0,7343.304211616516,33869.0,40.0,20.549999237060547,0.0,1859.0,697.975,20.0
15499264.0,7351.104479074478,33893.0,40.0,22.325000762939453,0.0,3253.0,758.975,73.0
15515648.0,7358.883635997772,33920.0,40.0,17.850000381469727,0.0,1354.0,605.3,16.0
15532032.0,7366.685432434082,33941.0,40.0,20.125,0.0,1420.0,660.45,16.0
15548416.0,7374.446224927902,33967.0,40.0,19.299999237060547,0.0,1560.0,682.825,13.0
15564800.0,7382.275641441345,33992.0,40.0,18.924999237060547,0.0,1856.0,688.35,54.0
15581184.0,7390.058545351028,34012.0,40.0,23.5,0.0,1856.0,795.575,54.0
15597568.0,7397.899021625519,34034.0,40.0,21.475000381469727,0.0,1632.0,751.475,56.0
15613952.0,7405.676572561264,34051.0,40.0,18.825000762939453,0.0,1632.0,699.925,56.0
15630336.0,7413.475314378738,34071.0,41.0,23.899999618530273,0.0,1569.0,817.45,56.0
15646720.0,7421.282052516937,34103.0,41.0,20.950000762939453,0.0,1457.0,681.1,9.0
15663104.0,7429.107412099838,34120.0,40.0,20.375,0.0,1609.0,664.975,9.0
15679488.0,7436.902603626251,34135.0,40.0,20.850000381469727,0.0,1609.0,660.775,9.0
15695872.0,7444.731954336166,34159.0,40.0,23.5,0.0,1801.0,756.425,13.0
15712256.0,7452.510872602463,34190.0,40.0,23.049999237060547,0.0,1499.0,720.125,20.0
15728640.0,7460.306131839752,34217.0,40.0,20.100000381469727,0.0,1499.0,632.975,18.0
15745024.0,7468.062757730484,34244.0,40.0,18.950000762939453,0.0,1512.0,634.125,35.0
15761408.0,7475.879612207413,34278.0,40.0,21.075000762939453,0.0,1491.0,673.925,29.0
15777792.0,7483.666394233704,34307.0,40.0,16.899999618530273,0.0,1329.0,556.675,34.0
15794176.0,7491.482047319412,34331.0,40.0,16.075000762939453,0.0,3112.0,618.325,34.0
15810560.0,7499.317471027374,34352.0,40.0,20.75,0.0,3112.0,740.725,4.0
15826944.0,7507.042145490646,34378.0,40.0,23.25,0.0,1455.0,688.8,4.0
15843328.0,7514.818192720413,34396.0,40.0,19.75,0.0,1372.0,595.775,7.0
15859712.0,7522.602784872055,34417.0,40.0,18.424999237060547,0.0,1372.0,617.975,32.0
15876096.0,7530.410404443741,34435.0,40.0,22.399999618530273,0.0,2814.0,804.3,41.0
15892480.0,7538.181782960892,34455.0,40.0,23.200000762939453,0.0,2814.0,829.225,14.0
15908864.0,7545.994280576706,34484.0,41.0,22.149999618530273,0.0,1557.0,728.675,14.0
15925248.0,7553.747485637665,34509.0,41.0,21.0,0.0,1528.0,720.1,41.0
15941632.0,7561.546676635742,34536.0,40.0,18.600000381469727,0.0,1500.0,671.525,39.0
15958016.0,7569.318910360336,34556.0,40.0,17.600000381469727,0.0,1500.0,637.625,67.0
15974400.0,7577.098865270615,34582.0,40.0,23.350000381469727,0.0,1499.0,735.925,49.0
15990784.0,7584.870708465576,34605.0,40.0,18.424999237060547,0.0,1556.0,611.075,22.0
16007168.0,7592.6838891506195,34640.0,40.0,15.0,0.0,1329.0,511.25,30.0
16023552.0,7600.468437194824,34677.0,40.0,19.325000762939453,0.0,1201.0,633.525,6.0
16039936.0,7608.283574819565,34702.0,40.0,17.350000381469727,0.0,1309.0,558.65,6.0
16056320.0,7616.0810697078705,34722.0,40.0,18.174999237060547,0.0,1358.0,584.35,15.0
16072704.0,7623.859451055527,34753.0,40.0,18.799999237060547,0.0,1551.0,589.45,11.0
16089088.0,7631.630232810974,34779.0,40.0,22.299999237060547,0.0,1551.0,668.55,11.0
16105472.0,7639.4310603141785,34806.0,40.0,20.274999618530273,0.0,1402.0,639.725,31.0
16121856.0,7647.185834646225,34833.0,40.0,17.799999237060547,0.0,1337.0,547.075,11.0
16138240.0,7654.987242221832,34870.0,40.0,21.174999237060547,0.0,1157.0,597.8,11.0
16154624.0,7662.759236812592,34891.0,40.0,22.899999618530273,0.0,1157.0,624.875,11.0
16171008.0,7670.574687004089,34913.0,41.0,22.674999237060547,0.0,1099.0,625.2,25.0
16187392.0,7678.339435100555,34941.0,41.0,19.75,0.0,1341.0,578.575,19.0
16203776.0,7686.119934082031,34966.0,40.0,22.950000762939453,0.0,1254.0,654.825,24.0
16220160.0,7693.86368060112,35008.0,40.0,17.25,0.0,1350.0,548.625,13.0
16236544.0,7701.65860581398,35041.0,40.0,15.050000190734863,0.0,1350.0,525.95,22.0
16252928.0,7709.490609169006,35071.0,40.0,15.149999618530273,0.0,1161.0,451.05,22.0
16269312.0,7717.257404565811,35098.0,41.0,17.299999237060547,0.0,1194.0,485.6,27.0
16285696.0,7725.072300195694,35132.0,41.0,21.875,0.0,1089.0,603.475,44.0
16302080.0,7732.83470082283,35161.0,40.0,19.799999237060547,0.0,1315.0,582.3,4.0
16318464.0,7740.613662004471,35188.0,40.0,15.125,0.0,1315.0,512.725,4.0
16334848.0,7748.375865221024,35221.0,40.0,20.200000762939453,0.0,1255.0,575.025,21.0
16351232.0,7756.142040729523,35252.0,40.0,18.700000762939453,0.0,1132.0,540.325,40.0
16367616.0,7763.831539154053,35277.0,40.0,16.625,0.0,1175.0,523.6,40.0
16384000.0,7771.630998134613,35306.0,40.0,20.649999618530273,0.0,1335.0,596.925,16.0
16400384.0,7779.40669465065,35345.0,41.0,17.600000381469727,0.0,1244.0,523.325,36.0
16416768.0,7787.124426603317,35379.0,40.0,17.125,0.0,1158.0,494.0,16.0
16433152.0,7794.873447418213,35416.0,40.0,14.625,0.0,1158.0,462.25,22.0
16449536.0,7802.651650667191,35459.0,41.0,12.800000190734863,0.0,1383.0,407.35,30.0
16465920.0,7810.432859659195,35493.0,40.0,12.875,0.0,1383.0,455.05,30.0
16482304.0,7818.236157178879,35524.0,41.0,15.800000190734863,0.0,1242.0,492.6,7.0
16498688.0,7826.001232147217,35556.0,41.0,17.475000381469727,0.0,1252.0,513.0,52.0
16515072.0,7833.784198045731,35599.0,40.0,15.899999618530273,0.0,1082.0,494.15,37.0
16531456.0,7841.564023733139,35634.0,40.0,11.725000381469727,0.0,1197.0,424.525,4.0
16547840.0,7849.357194662094,35668.0,40.0,13.899999618530273,0.0,1186.0,467.95,86.0
16564224.0,7857.106827735901,35706.0,41.0,18.950000762939453,0.0,1163.0,527.45,40.0
16580608.0,7864.903878688812,35729.0,40.0,17.424999237060547,0.0,1163.0,529.25,40.0
16596992.0,7872.66131401062,35763.0,40.0,15.524999618530273,0.0,1415.0,486.475,39.0
16613376.0,7880.468975067139,35796.0,40.0,15.125,0.0,1415.0,506.5,43.0
16629760.0,7888.242556333542,35830.0,40.0,15.199999809265137,0.0,1255.0,484.65,20.0
16646144.0,7896.046664714813,35857.0,40.0,17.375,0.0,1315.0,526.1,59.0
16662528.0,7903.803562879562,35884.0,40.0,15.550000190734863,0.0,1236.0,503.125,49.0
16678912.0,7911.589927434921,35914.0,40.0,18.674999237060547,0.0,1327.0,552.6,8.0
16695296.0,7919.386345386505,35939.0,40.0,16.899999618530273,0.0,1344.0,551.15,8.0
16711680.0,7927.1545317173,35959.0,40.0,17.149999618530273,0.0,1344.0,583.475,45.0
16728064.0,7934.9699494838715,35991.0,41.0,18.25,0.0,1230.0,600.975,41.0
16744448.0,7942.746218204498,36015.0,41.0,18.0,0.0,1469.0,574.075,41.0
16760832.0,7950.544233560562,36043.0,40.0,13.774999618530273,0.0,1461.0,513.275,10.0
16777216.0,7958.3311977386475,36071.0,41.0,20.975000381469727,0.0,1487.0,663.6,59.0
16793600.0,7966.106868505478,36113.0,40.0,10.5,0.0,1253.0,392.75,24.0
16809984.0,7973.872277736664,36143.0,40.0,14.725000381469727,0.0,1583.0,518.55,24.0
16826368.0,7981.664914608002,36171.0,40.0,16.725000381469727,0.0,3500.0,648.35,56.0
16842752.0,7989.446372509003,36202.0,40.0,11.975000381469727,0.0,1645.0,456.7,2.0
16859136.0,7997.267533779144,36231.0,40.0,13.199999809265137,0.0,1645.0,500.7,8.0
16875520.0,8005.021745920181,36254.0,40.0,14.5,0.0,1276.0,573.5,8.0
16891904.0,8012.833018541336,36282.0,40.0,18.475000381469727,0.0,1356.0,635.425,78.0
16908288.0,8020.575537443161,36305.0,40.0,18.25,0.0,1356.0,623.65,45.0
16924672.0,8028.365331172943,36337.0,40.0,13.949999809265137,0.0,1334.0,477.625,45.0
16941056.0,8036.138603448868,36368.0,40.0,16.700000762939453,0.0,1587.0,541.425,13.0
16957440.0,8043.939224720001,36390.0,40.0,17.524999618530273,0.0,1605.0,596.2,13.0
16973824.0,8051.71234869957,36407.0,40.0,17.200000762939453,0.0,1620.0,617.575,12.0
16990208.0,8059.537806749344,36432.0,40.0,19.424999237060547,0.0,1620.0,713.375,49.0
17006592.0,8067.330808162689,36457.0,40.0,23.299999237060547,0.0,1895.0,796.2,72.0
17022976.0,8075.14256477356,36477.0,40.0,21.450000762939453,0.0,1895.0,733.625,72.0
17039360.0,8082.86238527298,36498.0,41.0,20.975000381469727,0.0,1597.0,716.2,101.0
17055744.0,8090.666283369064,36518.0,41.0,19.575000762939453,0.0,1377.0,671.8,19.0
17072128.0,8098.443850278854,36542.0,40.0,20.600000381469727,0.0,1604.0,657.75,9.0
17088512.0,8106.239529848099,36564.0,40.0,24.674999237060547,0.0,1675.0,816.9,17.0
17104896.0,8114.015196800232,36582.0,40.0,22.350000381469727,0.0,1675.0,781.225,17.0
17121280.0,8121.8678686618805,36612.0,40.0,18.75,0.0,1496.0,604.35,45.0
17137664.0,8129.663922071457,36644.0,40.0,15.850000381469727,0.0,1670.0,580.275,37.0
17154048.0,8137.438758134842,36669.0,40.0,11.899999618530273,0.0,1465.0,472.8,19.0
17170432.0,8145.238502025604,36686.0,40.0,18.225000381469727,0.0,5227.0,753.675,19.0
17186816.0,8153.03845500946,36709.0,40.0,24.875,0.0,5227.0,914.225,3.0
17203200.0,8160.873629808426,36733.0,40.0,21.424999237060547,0.0,1804.0,763.875,3.0
17219584.0,8168.654901266098,36760.0,40.0,23.024999618530273,0.0,1804.0,788.175,55.0
17235968.0,8176.466402292252,36777.0,40.0,23.799999237060547,0.0,1779.0,796.025,10.0
17252352.0,8184.2295117378235,36798.0,41.0,20.524999618530273,0.0,1779.0,696.325,10.0
17268736.0,8192.029653549194,36827.0,41.0,24.024999618530273,0.0,1392.0,716.925,43.0
17285120.0,8199.792412042618,36857.0,41.0,23.399999618530273,0.0,1376.0,676.725,16.0
17301504.0,8207.579497337341,36888.0,40.0,18.274999618530273,0.0,1242.0,565.4,12.0
17317888.0,8215.360408067703,36916.0,40.0,15.800000190734863,0.0,1299.0,500.8,35.0
17334272.0,8223.178373336792,36941.0,40.0,13.375,0.0,1245.0,444.175,2.0
17350656.0,8230.971687316895,36979.0,40.0,17.200000762939453,0.0,1508.0,515.4,43.0
17367040.0,8238.852572917938,37000.0,41.0,17.0,0.0,1578.0,529.775,2.0
17383424.0,8246.61528635025,37021.0,41.0,20.049999237060547,0.0,1665.0,628.65,2.0
17399808.0,8254.404075860977,37048.0,40.0,22.350000381469727,0.0,1557.0,716.0,47.0
17416192.0,8262.178524971008,37082.0,40.0,17.274999618530273,0.0,1283.0,599.2,18.0
17432576.0,8269.99065566063,37121.0,40.0,20.0,0.0,1316.0,616.425,4.0
17448960.0,8277.761880397797,37150.0,40.0,13.574999809265137,0.0,1574.0,469.9,13.0
17465344.0,8285.586556434631,37183.0,41.0,15.899999618530273,0.0,1177.0,548.475,26.0
17481728.0,8293.371179819107,37212.0,40.0,15.600000381469727,0.0,1150.0,482.7,34.0
17498112.0,8301.167980670929,37251.0,40.0,15.649999618530273,0.0,1370.0,514.4,4.0
17514496.0,8308.943247795105,37272.0,40.0,15.175000190734863,0.0,1264.0,529.3,28.0
17530880.0,8316.757491350174,37291.0,40.0,17.700000762939453,0.0,1305.0,601.05,28.0
17547264.0,8324.484196901321,37320.0,40.0,23.950000762939453,0.0,1472.0,724.275,52.0
17563648.0,8332.276606798172,37354.0,40.0,14.100000381469727,0.0,1193.0,455.1,11.0
17580032.0,8339.928901433945,37389.0,41.0,17.024999618530273,0.0,1330.0,554.475,11.0
17596416.0,8347.704132080078,37418.0,41.0,15.850000381469727,0.0,1330.0,542.1,35.0
17612800.0,8355.477432250977,37440.0,41.0,15.375,0.0,1143.0,528.0,35.0
17629184.0,8363.251559257507,37468.0,41.0,18.375,0.0,1271.0,617.45,39.0
17645568.0,8371.071246385574,37495.0,40.0,21.924999237060547,0.0,1263.0,704.1,98.0
17661952.0,8378.850218296051,37522.0,40.0,18.399999618530273,0.0,1179.0,568.8,8.0
17678336.0,8386.649243116379,37546.0,40.0,18.225000381469727,0.0,1324.0,578.0,8.0
17694720.0,8394.427448749542,37576.0,40.0,16.649999618530273,0.0,1247.0,553.525,41.0
17711104.0,8402.23384976387,37601.0,40.0,18.924999237060547,0.0,1267.0,605.85,27.0
17727488.0,8410.013491392136,37634.0,40.0,20.524999618530273,0.0,1270.0,623.875,48.0
17743872.0,8417.819746732712,37668.0,40.0,16.274999618530273,0.0,1160.0,511.35,12.0
17760256.0,8425.6030523777,37702.0,40.0,17.700000762939453,0.0,1416.0,570.025,42.0
17776640.0,8433.417942762375,37735.0,40.0,12.074999809265137,0.0,1416.0,395.2,46.0
17793024.0,8441.202095508575,37765.0,40.0,13.675000190734863,0.0,1130.0,379.225,17.0
17809408.0,8449.01694226265,37805.0,40.0,16.375,0.0,1244.0,558.8,44.0
17825792.0,8456.790858507156,37830.0,41.0,19.450000762939453,0.0,1244.0,606.55,82.0
17842176.0,8464.590461015701,37861.0,40.0,13.675000190734863,0.0,1252.0,442.85,24.0
17858560.0,8472.335112333298,37894.0,40.0,18.299999237060547,0.0,1114.0,557.925,43.0
17874944.0,8480.149787902832,37917.0,40.0,19.549999237060547,0.0,1266.0,596.525,34.0
17891328.0,8487.924734830856,37944.0,40.0,18.674999237060547,0.0,1370.0,588.925,12.0
17907712.0,8495.733464479446,37976.0,40.0,20.299999237060547,0.0,1237.0,610.125,21.0
17924096.0,8503.53153514862,38010.0,40.0,19.075000762939453,0.0,1073.0,548.25,47.0
17940480.0,8511.362643241882,38031.0,40.0,22.799999237060547,0.0,1363.0,645.575,2.0
17956864.0,8519.151592731476,38048.0,40.0,21.975000381469727,0.0,1363.0,649.05,2.0
17973248.0,8526.945749998093,38074.0,40.0,19.399999618530273,0.0,1262.0,622.225,82.0
17989632.0,8534.752935409546,38110.0,41.0,23.274999618530273,0.0,1469.0,708.275,4.0
18006016.0,8542.540196180344,38134.0,41.0,20.75,0.0,1469.0,670.35,18.0
18022400.0,8550.354776144028,38157.0,40.0,15.699999809265137,0.0,1537.0,589.95,43.0
18038784.0,8558.092429161072,38179.0,41.0,17.075000762939453,0.0,1537.0,653.2,43.0
18055168.0,8565.883867025375,38213.0,40.0,20.725000381469727,0.0,1349.0,655.05,35.0
18071552.0,8573.66144156456,38235.0,41.0,18.649999618530273,0.0,1268.0,610.225,35.0
18087936.0,8581.458966255188,38264.0,41.0,19.625,0.0,1330.0,661.1,9.0
18104320.0,8589.194984436035,38295.0,40.0,19.674999237060547,0.0,1375.0,598.825,9.0
18120704.0,8596.88717508316,38319.0,40.0,21.0,0.0,1375.0,618.05,24.0
18137088.0,8604.657396793365,38346.0,40.0,18.899999618530273,0.0,1425.0,598.4,43.0
18153472.0,8612.455147981644,38376.0,41.0,21.024999618530273,0.0,1440.0,667.85,37.0
18169856.0,8620.230121612549,38396.0,41.0,19.600000381469727,0.0,1322.0,597.025,37.0
18186240.0,8628.018234968185,38423.0,40.0,20.850000381469727,0.0,1294.0,650.55,48.0
18202624.0,8635.771472215652,38458.0,40.0,19.875,0.0,1334.0,608.2,3.0
18219008.0,8643.566287994385,38479.0,41.0,21.549999237060547,0.0,1245.0,583.95,30.0
18235392.0,8651.345904827118,38515.0,40.0,19.149999618530273,0.0,1128.0,508.975,49.0
18251776.0,8659.168359518051,38548.0,40.0,17.549999237060547,0.0,1410.0,542.725,9.0
18268160.0,8666.933985471725,38573.0,40.0,17.850000381469727,0.0,1410.0,572.6,9.0
18284544.0,8674.72749042511,38603.0,40.0,16.700000762939453,0.0,1330.0,538.475,35.0
18300928.0,8682.495597600937,38627.0,41.0,17.174999237060547,0.0,1298.0,540.575,35.0
18317312.0,8690.314802646637,38656.0,41.0,21.125,0.0,1298.0,629.2,16.0
18333696.0,8698.100726366043,38678.0,40.0,20.450000762939453,0.0,1473.0,646.5,57.0
18350080.0,8705.9187104702,38706.0,41.0,26.700000762939453,0.0,1489.0,724.0,57.0
18366464.0,8713.676305770874,38734.0,41.0,23.125,0.0,1489.0,652.975,26.0
18382848.0,8721.487047195435,38758.0,41.0,22.75,0.0,1377.0,659.625,81.0
18399232.0,8729.263288259506,38782.0,41.0,22.149999618530273,0.0,1338.0,686.95,6.0
18415616.0,8737.06332039833,38802.0,40.0,23.375,0.0,1338.0,700.875,10.0
18432000.0,8744.869708776474,38835.0,40.0,18.575000762939453,0.0,1345.0,608.95,62.0
18448384.0,8752.658202409744,38857.0,40.0,21.450000762939453,0.0,1345.0,664.35,58.0
18464768.0,8760.475535154343,38879.0,41.0,22.325000762939453,0.0,1439.0,688.175,47.0
18481152.0,8768.263330698013,38919.0,40.0,13.875,0.0,1311.0,462.0,33.0
18497536.0,8776.070338010788,38943.0,40.0,16.125,0.0,1372.0,508.8,25.0
18513920.0,8783.84577035904,38966.0,40.0,20.149999618530273,0.0,1372.0,625.75,25.0
18530304.0,8791.654445409775,38994.0,41.0,19.5,0.0,1395.0,591.825,37.0
18546688.0,8799.456676244736,39019.0,41.0,20.799999237060547,0.0,1290.0,666.275,37.0
18563072.0,8807.257529497147,39045.0,41.0,20.350000381469727,0.0,1333.0,636.5,77.0
18579456.0,8815.030310869217,39069.0,41.0,14.875,0.0,1213.0,517.725,21.0
18595840.0,8822.844618082047,39097.0,41.0,22.274999618530273,0.0,1187.0,626.425,21.0
18612224.0,8830.618973731995,39117.0,40.0,22.524999618530273,0.0,1187.0,677.95,61.0
18628608.0,8838.479402780533,39142.0,41.0,21.825000762939453,0.0,1464.0,702.55,42.0
18644992.0,8846.27551484108,39167.0,41.0,21.200000762939453,0.0,1464.0,679.95,42.0
18661376.0,8854.107102394104,39197.0,40.0,23.350000381469727,0.0,1319.0,746.35,53.0
18677760.0,8861.849820375443,39216.0,40.0,22.299999237060547,0.0,4768.0,806.5,62.0
18694144.0,8869.657460451126,39241.0,41.0,21.774999618530273,0.0,1474.0,648.675,4.0
18710528.0,8877.435725927353,39267.0,41.0,16.850000381469727,0.0,1474.0,523.5,4.0
18726912.0,8885.255757331848,39288.0,41.0,20.075000762939453,0.0,1277.0,592.125,14.0
18743296.0,8893.027176618576,39319.0,41.0,20.825000762939453,0.0,1382.0,664.375,2.0
18759680.0,8900.810678720474,39347.0,40.0,17.774999618530273,0.0,1298.0,572.875,2.0
18776064.0,8908.587550163269,39376.0,40.0,20.700000762939453,0.0,1424.0,643.725,51.0
18792448.0,8916.380403757095,39397.0,40.0,22.024999618530273,0.0,1424.0,669.925,71.0
18808832.0,8924.142229795456,39420.0,40.0,18.725000381469727,0.0,1300.0,612.825,71.0
18825216.0,8931.933500766754,39451.0,40.0,20.049999237060547,0.0,1309.0,641.575,42.0
18841600.0,8939.713745832443,39477.0,40.0,23.475000381469727,0.0,1309.0,697.775,80.0
18857984.0,8947.509759664536,39498.0,40.0,22.174999237060547,0.0,1339.0,648.725,14.0
18874368.0,8955.290365934372,39526.0,40.0,19.424999237060547,0.0,1338.0,596.8,14.0
18890752.0,8963.064007759094,39548.0,40.0,19.825000762939453,0.0,1257.0,591.025,63.0
18907136.0,8970.883888244629,39574.0,41.0,22.950000762939453,0.0,1494.0,688.375,135.0
18923520.0,8978.674881219864,39606.0,40.0,22.375,0.0,1943.0,704.375,40.0
18939904.0,8986.307172060013,39640.0,41.0,15.475000381469727,0.0,1943.0,547.175,48.0
18956288.0,8994.050547361374,39664.0,41.0,17.100000381469727,0.0,1220.0,536.975,15.0
18972672.0,9001.844989776611,39694.0,40.0,16.674999237060547,0.0,1394.0,574.5,15.0
18989056.0,9009.611459732056,39719.0,40.0,20.674999237060547,0.0,1394.0,649.125,38.0
19005440.0,9017.4192841053,39743.0,40.0,20.5,0.0,1198.0,595.375,38.0
19021824.0,9025.178497076035,39771.0,41.0,15.800000190734863,0.0,1198.0,556.925,37.0
19038208.0,9032.981338977814,39804.0,40.0,16.325000762939453,0.0,1533.0,523.775,37.0
19054592.0,9040.779032230377,39834.0,41.0,14.699999809265137,0.0,1272.0,542.475,46.0
19070976.0,9048.598739624023,39863.0,40.0,12.300000190734863,0.0,1331.0,460.8,12.0
19087360.0,9056.370737314224,39888.0,40.0,18.375,0.0,1331.0,573.55,30.0
19103744.0,9064.162690162659,39930.0,40.0,12.149999618530273,0.0,1249.0,474.8,25.0
19120128.0,9071.91134595871,39963.0,40.0,13.324999809265137,0.0,1298.0,507.3,5.0
19136512.0,9079.709577083588,39989.0,40.0,12.975000381469727,0.0,1364.0,491.725,55.0
19152896.0,9087.509685277939,40025.0,40.0,9.800000190734863,0.0,1506.0,391.775,17.0
19169280.0,9095.315019369125,40064.0,40.0,14.425000190734863,0.0,3411.0,601.525,7.0
19185664.0,9103.110851287842,40089.0,40.0,12.324999809265137,0.0,3411.0,512.875,7.0
19202048.0,9110.915106534958,40117.0,40.0,13.375,0.0,1463.0,518.375,23.0
19218432.0,9118.678271532059,40139.0,40.0,16.899999618530273,0.0,1762.0,598.75,24.0
19234816.0,9126.458890676498,40170.0,40.0,16.225000381469727,0.0,1559.0,631.625,56.0
19251200.0,9134.224815368652,40200.0,40.0,15.399999618530273,0.0,1367.0,589.05,51.0
19267584.0,9142.048172950745,40225.0,40.0,15.949999809265137,0.0,1824.0,563.15,51.0
19283968.0,9149.858592271805,40244.0,40.0,16.575000762939453,0.0,1493.0,619.1,54.0
19300352.0,9157.65258550644,40269.0,40.0,18.875,0.0,1789.0,653.725,22.0
19316736.0,9165.463087320328,40300.0,40.0,18.825000762939453,0.0,1499.0,650.375,17.0
19333120.0,9173.234129190445,40325.0,40.0,17.350000381469727,0.0,1438.0,606.5,26.0
19349504.0,9181.043144702911,40357.0,40.0,19.274999618530273,0.0,1583.0,644.375,35.0
19365888.0,9188.830452919006,40389.0,40.0,12.899999618530273,0.0,1264.0,498.025,24.0
19382272.0,9196.651411056519,40412.0,40.0,19.274999618530273,0.0,1487.0,648.225,26.0
19398656.0,9204.428668022156,40431.0,41.0,19.200000762939453,0.0,1487.0,623.3,3.0
19415040.0,9212.223107099533,40454.0,41.0,20.924999237060547,0.0,2579.0,661.875,3.0
19431424.0,9220.005191087723,40481.0,40.0,24.024999618530273,0.0,1398.0,719.925,32.0
19447808.0,9227.799795150757,40511.0,41.0,19.850000381469727,0.0,1366.0,660.575,32.0
19464192.0,9235.55976486206,40542.0,41.0,19.100000381469727,0.0,1295.0,613.15,30.0
19480576.0,9243.358259677887,40571.0,40.0,17.575000762939453,0.0,1295.0,520.35,30.0
19496960.0,9251.127467155457,40602.0,40.0,14.850000381469727,0.0,1310.0,533.8,52.0
19513344.0,9258.931541442871,40634.0,40.0,16.100000381469727,0.0,1313.0,517.0,6.0
19529728.0,9266.735261440277,40664.0,41.0,20.674999237060547,0.0,1240.0,627.65,11.0
19546112.0,9274.525506019592,40682.0,40.0,15.199999809265137,0.0,1227.0,502.225,11.0
19562496.0,9282.291051149368,40708.0,40.0,20.649999618530273,0.0,1183.0,605.975,35.0
19578880.0,9290.079817056656,40741.0,41.0,21.274999618530273,0.0,1514.0,672.05,51.0
19595264.0,9297.82970571518,40767.0,41.0,16.875,0.0,1349.0,554.7,28.0
19611648.0,9305.635201931,40787.0,40.0,18.375,0.0,1280.0,573.625,28.0
19628032.0,9313.407479763031,40819.0,40.0,21.899999618530273,0.0,1308.0,648.725,15.0
19644416.0,9321.239030122757,40847.0,40.0,21.625,0.0,1242.0,635.45,39.0
19660800.0,9329.02714562416,40878.0,40.0,19.024999618530273,0.0,1255.0,564.05,6.0
19677184.0,9336.84307050705,40909.0,40.0,18.899999618530273,0.0,1348.0,554.9,5.0
19693568.0,9344.60274219513,40938.0,40.0,15.899999618530273,0.0,1348.0,485.475,5.0
19709952.0,9352.4080889225,40969.0,40.0,16.274999618530273,0.0,1408.0,514.925,68.0
19726336.0,9360.172252178192,40999.0,40.0,19.25,0.0,1517.0,564.05,76.0
19742720.0,9367.963119029999,41027.0,41.0,25.625,0.0,1517.0,657.15,51.0
19759104.0,9375.778434991837,41054.0,41.0,21.375,0.0,1180.0,561.25,58.0
19775488.0,9383.535633802414,41080.0,41.0,20.325000762939453,0.0,1388.0,604.975,73.0
19791872.0,9391.32144165039,41112.0,40.0,13.425000190734863,0.0,1267.0,473.875,27.0
19808256.0,9399.083716630936,41142.0,41.0,19.75,0.0,1345.0,579.65,49.0
19824640.0,9406.892660617828,41171.0,40.0,20.375,0.0,1352.0,616.825,72.0
19841024.0,9414.655234575272,41207.0,40.0,14.774999618530273,0.0,1438.0,475.175,46.0
19857408.0,9422.468708992004,41238.0,40.0,16.149999618530273,0.0,1625.0,533.125,46.0
19873792.0,9430.254828453064,41266.0,40.0,17.825000762939453,0.0,1625.0,550.075,39.0
19890176.0,9438.126929283142,41296.0,41.0,20.649999618530273,0.0,1684.0,606.6,39.0
19906560.0,9445.907390594482,41320.0,41.0,18.950000762939453,0.0,1684.0,607.375,51.0
19922944.0,9453.71664071083,41349.0,41.0,20.075000762939453,0.0,1448.0,626.375,25.0
19939328.0,9461.484387636185,41377.0,40.0,18.774999618530273,0.0,1217.0,564.225,59.0
19955712.0,9469.280256271362,41398.0,41.0,20.649999618530273,0.0,1217.0,596.025,34.0
19972096.0,9477.061163902283,41431.0,40.0,20.850000381469727,0.0,1790.0,630.65,6.0
19988480.0,9484.873319387436,41452.0,40.0,21.25,0.0,1790.0,612.1,3.0
20004864.0,9492.639986991882,41480.0,41.0,20.825000762939453,0.0,1357.0,573.575,37.0
20021248.0,9500.455475091934,41512.0,41.0,23.850000381469727,0.0,1264.0,631.35,20.0
20037632.0,9508.23519563675,41536.0,41.0,23.649999618530273,0.0,1264.0,658.875,66.0
20054016.0,9516.030814170837,41560.0,41.0,19.375,0.0,2440.0,630.675,84.0
20070400.0,9523.799867868423,41581.0,41.0,20.950000762939453,0.0,2440.0,650.9,19.0
20086784.0,9531.63607096672,41601.0,40.0,22.424999237060547,0.0,1482.0,656.6,19.0
20103168.0,9539.406523704529,41630.0,41.0,22.899999618530273,0.0,1482.0,688.1,37.0
20119552.0,9547.242915153503,41658.0,41.0,20.924999237060547,0.0,1428.0,661.575,4.0
20135936.0,9554.98511338234,41688.0,41.0,21.924999237060547,0.0,1567.0,714.775,13.0
20152320.0,9562.610841274261,41724.0,41.0,16.350000381469727,0.0,1344.0,503.6,6.0
20168704.0,9570.433058977127,41757.0,41.0,20.200000762939453,0.0,1344.0,610.95,43.0
20185088.0,9578.226347446442,41784.0,42.0,17.25,0.0,1284.0,503.125,61.0
20201472.0,9586.04214978218,41803.0,40.0,17.399999618530273,0.0,1181.0,506.45,61.0
20217856.0,9593.826998233795,41826.0,40.0,21.725000381469727,0.0,1237.0,652.475,26.0
20234240.0,9601.638624668121,41856.0,40.0,22.25,0.0,1290.0,673.625,17.0
20250624.0,9609.451160430908,41885.0,40.0,22.399999618530273,0.0,1624.0,647.925,28.0
20267008.0,9617.259650707245,41916.0,40.0,22.049999237060547,0.0,1405.0,603.625,23.0
20283392.0,9625.022116661072,41941.0,40.0,22.299999237060547,0.0,1171.0,596.675,23.0
20299776.0,9632.822150945663,41966.0,40.0,21.575000762939453,0.0,1129.0,600.75,56.0
20316160.0,9640.609698057175,41986.0,40.0,19.924999237060547,0.0,1435.0,594.95,36.0
20332544.0,9648.404230356216,42011.0,41.0,20.274999618530273,0.0,1435.0,632.925,20.0
20348928.0,9656.190917491913,42037.0,41.0,22.649999618530273,0.0,1197.0,652.075,21.0
20365312.0,9663.965756177902,42068.0,41.0,20.674999237060547,0.0,1358.0,623.875,21.0
20381696.0,9671.754171609879,42091.0,41.0,21.850000381469727,0.0,1225.0,656.45,4.0
20398080.0,9679.571244478226,42119.0,41.0,22.200000762939453,0.0,1248.0,673.875,2.0
20414464.0,9687.32397556305,42154.0,41.0,17.825000762939453,0.0,1253.0,567.975,38.0
20430848.0,9695.144100904465,42175.0,40.0,18.350000381469727,0.0,1222.0,537.55,38.0
20447232.0,9702.927601099014,42195.0,40.0,21.100000381469727,0.0,1321.0,576.75,42.0
20463616.0,9710.744021177292,42238.0,40.0,23.25,0.0,1361.0,633.45,6.0
20480000.0,9718.518960952759,42255.0,40.0,18.950000762939453,0.0,1361.0,532.05,6.0
20496384.0,9726.35468173027,42276.0,40.0,18.975000381469727,0.0,1395.0,542.9,12.0
20512768.0,9734.130635499954,42308.0,40.0,19.924999237060547,0.0,1378.0,587.4,34.0
20529152.0,9741.925496578217,42337.0,40.0,25.25,0.0,1329.0,663.25,45.0
20545536.0,9749.732592105865,42357.0,41.0,23.725000381469727,0.0,1505.0,681.75,41.0
20561920.0,9757.538368701935,42378.0,41.0,21.575000762939453,0.0,1505.0,675.925,41.0
20578304.0,9765.300424814224,42402.0,40.0,19.450000762939453,0.0,1357.0,618.075,43.0
20594688.0,9773.115159511566,42435.0,40.0,20.825000762939453,0.0,1327.0,654.875,45.0
20611072.0,9780.91967868805,42460.0,40.0,24.575000762939453,0.0,1327.0,681.5,35.0
20627456.0,9788.682782411575,42481.0,40.0,19.375,0.0,1194.0,571.95,35.0
20643840.0,9796.479658603668,42503.0,41.0,22.674999237060547,0.0,1304.0,666.45,5.0
20660224.0,9804.238389253616,42521.0,41.0,26.399999618530273,0.0,1396.0,762.05,5.0
20676608.0,9812.040240049362,42560.0,40.0,21.75,0.0,1422.0,652.1,28.0
20692992.0,9819.82387137413,42587.0,41.0,17.299999237060547,0.0,1422.0,515.575,21.0
20709376.0,9827.61605477333,42618.0,40.0,20.100000381469727,0.0,1165.0,579.9,15.0
20725760.0,9835.383923053741,42659.0,40.0,16.875,0.0,1372.0,485.2,29.0
20742144.0,9843.081243753433,42689.0,40.0,14.25,0.0,1269.0,429.55,46.0
20758528.0,9850.8426156044,42721.0,41.0,18.125,0.0,4135.0,601.725,14.0
20774912.0,9858.638580322266,42740.0,41.0,23.350000381469727,0.0,1016.0,597.05,11.0
20791296.0,9866.426707983017,42762.0,40.0,23.975000381469727,0.0,1142.0,630.625,11.0
20807680.0,9874.222490310669,42791.0,41.0,21.625,0.0,1274.0,609.45,52.0
20824064.0,9882.015018224716,42825.0,40.0,21.25,0.0,1440.0,689.45,55.0
20840448.0,9889.823414802551,42855.0,41.0,14.350000381469727,0.0,1564.0,505.6,22.0
20856832.0,9897.584814071655,42875.0,41.0,16.274999618530273,0.0,1564.0,513.05,17.0
20873216.0,9905.381815433502,42904.0,40.0,25.975000381469727,0.0,1281.0,682.5,30.0
20889600.0,9913.142988443375,42924.0,40.0,24.475000381469727,0.0,1281.0,641.15,53.0
20905984.0,9920.952779054642,42949.0,40.0,23.100000381469727,0.0,1450.0,674.5,17.0
20922368.0,9928.74588561058,42973.0,40.0,26.5,0.0,1380.0,712.55,10.0
20938752.0,9936.551664590836,42992.0,40.0,25.75,0.0,1380.0,712.85,10.0
20955136.0,9944.344355583191,43016.0,41.0,25.424999237060547,2.0,1340.0,758.1,62.0
20971520.0,9952.151507616043,43034.0,41.0,25.100000381469727,2.0,1550.0,765.5,62.0
20987904.0,9959.924467086792,43056.0,41.0,22.899999618530273,0.0,1550.0,719.975,81.0
21004288.0,9967.732739686966,43083.0,41.0,21.5,0.0,1463.0,666.625,81.0
21020672.0,9975.510251522064,43099.0,40.0,25.274999618530273,0.0,1347.0,770.075,141.0
21037056.0,9983.296376228333,43123.0,40.0,23.325000762939453,1.0,1830.0,789.75,101.0
21053440.0,9991.119381666183,43150.0,40.0,16.850000381469727,0.0,1572.0,620.25,5.0
21069824.0,9998.898947000504,43173.0,40.0,21.424999237060547,0.0,1390.0,666.075,5.0
21086208.0,10006.700684547424,43204.0,40.0,22.575000762939453,0.0,1394.0,681.45,22.0
21102592.0,10014.483053207397,43231.0,40.0,18.575000762939453,0.0,1394.0,616.075,94.0
21118976.0,10022.304971933365,43252.0,40.0,19.975000381469727,0.0,1403.0,646.325,25.0
21135360.0,10030.062669992447,43273.0,40.0,22.200000762939453,0.0,1403.0,651.5,23.0
21151744.0,10037.915562868118,43310.0,40.0,21.825000762939453,0.0,1307.0,663.125,8.0
21168128.0,10045.686402797699,43333.0,40.0,21.424999237060547,0.0,1154.0,665.475,33.0
21184512.0,10053.488618135452,43353.0,40.0,22.524999618530273,0.0,4089.0,759.95,13.0
21200896.0,10061.267436265945,43378.0,40.0,20.299999237060547,0.0,1352.0,566.55,13.0
21217280.0,10069.058552503586,43407.0,40.0,18.25,0.0,1469.0,593.825,3.0
21233664.0,10076.831982851028,43439.0,41.0,19.225000381469727,0.0,1657.0,611.35,3.0
21250048.0,10084.642094373703,43457.0,41.0,17.75,0.0,1375.0,569.0,15.0
21266432.0,10092.404919147491,43486.0,40.0,20.950000762939453,1.0,1544.0,675.175,54.0
21282816.0,10100.198385238647,43531.0,40.0,13.824999809265137,0.0,1085.0,435.0,7.0
21299200.0,10107.959181547165,43575.0,40.0,15.449999809265137,0.0,1322.0,457.3,40.0
21315584.0,10115.73698091507,43604.0,40.0,14.699999809265137,0.0,1139.0,465.475,47.0
21331968.0,10123.50232052803,43632.0,40.0,14.524999618530273,0.0,1075.0,478.825,32.0
21348352.0,10131.294842004776,43658.0,40.0,18.825000762939453,0.0,1187.0,575.0,41.0
21364736.0,10139.065282583237,43693.0,40.0,18.075000762939453,0.0,1150.0,533.6,41.0
21381120.0,10146.823425531387,43732.0,40.0,12.949999809265137,0.0,1163.0,433.175,29.0
21397504.0,10154.48409485817,43757.0,40.0,15.800000190734863,0.0,1179.0,525.025,36.0
21413888.0,10162.277884721756,43786.0,40.0,18.299999237060547,0.0,1165.0,535.125,37.0
21430272.0,10170.059037446976,43818.0,40.0,19.125,0.0,1169.0,598.825,50.0
21446656.0,10177.87821817398,43844.0,40.0,18.450000762939453,1.0,1169.0,554.25,60.0
21463040.0,10185.648525714874,43880.0,40.0,14.300000190734863,0.0,1140.0,427.425,16.0
21479424.0,10193.442650079727,43913.0,40.0,17.049999237060547,0.0,1063.0,499.025,13.0
21495808.0,10201.254219770432,43945.0,40.0,18.899999618530273,0.0,1027.0,533.9,13.0
21512192.0,10209.026374340057,43970.0,40.0,16.375,0.0,1341.0,535.6,21.0
21528576.0,10216.830998182297,44011.0,40.0,22.274999618530273,0.0,1251.0,594.4,43.0
21544960.0,10224.609219551086,44042.0,41.0,17.825000762939453,0.0,1129.0,489.175,25.0
21561344.0,10232.411013841629,44069.0,40.0,17.299999237060547,0.0,1209.0,487.975,47.0
21577728.0,10240.179953813553,44102.0,40.0,18.5,0.0,1229.0,521.6,61.0
21594112.0,10247.971998691559,44149.0,40.0,14.524999618530273,0.0,1079.0,426.125,19.0
21610496.0,10255.739242076874,44179.0,40.0,16.424999237060547,0.0,1143.0,489.425,3.0
21626880.0,10263.54942703247,44211.0,40.0,17.299999237060547,0.0,1004.0,484.325,42.0
21643264.0,10271.318030834198,44243.0,40.0,15.925000190734863,0.0,1161.0,485.15,55.0
21659648.0,10279.156241893768,44272.0,41.0,16.649999618530273,0.0,1386.0,492.25,52.0
21676032.0,10286.935049295425,44301.0,41.0,20.075000762939453,0.0,1386.0,588.725,100.0
21692416.0,10294.716111183167,44337.0,40.0,17.200000762939453,0.0,1200.0,485.45,40.0
21708800.0,10302.474222421646,44358.0,40.0,15.800000190734863,0.0,1200.0,472.25,40.0
21725184.0,10310.282926559448,44387.0,40.0,20.200000762939453,0.0,1267.0,571.725,25.0
21741568.0,10318.045328378677,44420.0,40.0,20.575000762939453,0.0,1202.0,550.05,16.0
21757952.0,10325.83605313301,44458.0,40.0,15.399999618530273,0.0,1659.0,497.075,11.0
21774336.0,10333.614051580429,44480.0,40.0,14.899999618530273,0.0,1350.0,465.6,26.0
21790720.0,10341.426956415176,44500.0,40.0,21.174999237060547,0.0,1350.0,646.0,67.0
21807104.0,10349.210726499557,44516.0,40.0,23.475000381469727,0.0,1322.0,706.75,67.0
21823488.0,10357.000305652618,44546.0,40.0,22.799999237060547,0.0,1390.0,687.2,47.0
21839872.0,10364.777477025986,44570.0,41.0,22.125,0.0,1403.0,678.2,35.0
21856256.0,10372.583310127258,44590.0,41.0,22.399999618530273,0.0,2756.0,739.5,29.0
21872640.0,10380.382367372513,44604.0,40.0,23.174999237060547,0.0,2756.0,777.1,29.0
21889024.0,10388.16460943222,44631.0,41.0,26.100000381469727,0.0,1594.0,785.375,26.0
21905408.0,10395.835213184357,44652.0,41.0,25.625,0.0,3291.0,793.825,40.0
21921792.0,10403.608318805695,44664.0,40.0,26.399999618530273,0.0,3291.0,849.65,51.0
21938176.0,10411.406226873398,44682.0,40.0,26.149999618530273,0.0,1487.0,801.2,65.0
21954560.0,10419.162465333939,44706.0,41.0,25.774999618530273,0.0,1639.0,833.925,36.0
21970944.0,10426.941700458527,44734.0,40.0,25.475000381469727,0.0,1556.0,761.1,39.0
21987328.0,10434.725525140762,44754.0,40.0,20.125,0.0,1425.0,645.725,21.0
22003712.0,10442.530632019043,44772.0,40.0,20.0,0.0,1522.0,673.425,21.0
22020096.0,10450.294601678848,44792.0,41.0,25.924999237060547,0.0,2061.0,826.25,80.0
22036480.0,10458.08288359642,44818.0,41.0,26.25,0.0,2061.0,818.725,88.0
22052864.0,10465.849130868912,44844.0,40.0,20.325000762939453,0.0,2594.0,701.325,51.0
22069248.0,10473.66280221939,44863.0,40.0,19.174999237060547,0.0,1557.0,640.5,12.0
22085632.0,10481.443546772003,44882.0,40.0,20.299999237060547,0.0,1510.0,645.625,12.0
22102016.0,10489.243194580078,44906.0,41.0,21.475000381469727,0.0,1510.0,676.725,28.0
22118400.0,10497.025545597076,44937.0,41.0,19.475000381469727,0.0,1857.0,628.125,11.0
22134784.0,10504.833314180374,44965.0,40.0,21.575000762939453,0.0,3552.0,781.5,11.0
22151168.0,10512.579250335693,44987.0,40.0,22.725000381469727,0.0,3552.0,815.175,60.0
22167552.0,10520.41348862648,45007.0,40.0,23.25,0.0,1470.0,711.275,57.0
22183936.0,10528.19963812828,45035.0,41.0,22.524999618530273,0.0,1647.0,701.5,3.0
22200320.0,10536.003422737122,45057.0,41.0,20.024999618530273,0.0,1463.0,653.2,3.0
22216704.0,10543.75993180275,45087.0,40.0,20.0,0.0,1417.0,618.525,4.0
22233088.0,10551.57010602951,45121.0,41.0,22.274999618530273,0.0,5502.0,733.475,4.0
22249472.0,10559.350894451141,45142.0,41.0,20.424999237060547,0.0,5502.0,727.1,41.0
22265856.0,10567.142248868942,45167.0,41.0,22.200000762939453,0.0,1418.0,664.85,45.0
22282240.0,10574.939481973648,45201.0,40.0,18.5,0.0,1510.0,566.5,45.0
22298624.0,10582.738463163376,45229.0,40.0,16.274999618530273,0.0,1183.0,460.75,6.0
22315008.0,10590.515479564667,45261.0,40.0,18.799999237060547,0.0,1480.0,607.675,5.0
22331392.0,10598.316694259644,45278.0,40.0,18.375,0.0,1456.0,605.3,5.0
22347776.0,10606.130233764648,45302.0,41.0,21.424999237060547,0.0,1841.0,704.025,53.0
22364160.0,10613.901449203491,45332.0,40.0,19.100000381469727,0.0,1290.0,584.6,33.0
22380544.0,10621.731310606003,45367.0,40.0,18.899999618530273,0.0,1446.0,550.9,7.0
22396928.0,10629.510905265808,45395.0,40.0,18.674999237060547,0.0,1267.0,547.7,39.0
22413312.0,10637.35574889183,45415.0,40.0,20.149999618530273,0.0,1267.0,572.4,33.0
22429696.0,10645.10881948471,45445.0,40.0,22.600000381469727,0.0,3115.0,741.35,43.0
22446080.0,10652.926743507385,45474.0,40.0,25.475000381469727,0.0,1492.0,698.35,26.0
22462464.0,10660.71889424324,45497.0,40.0,20.799999237060547,0.0,1492.0,582.9,34.0
22478848.0,10668.522883176804,45520.0,40.0,21.075000762939453,0.0,1255.0,585.175,34.0
22495232.0,10676.293623209,45543.0,40.0,24.700000762939453,0.0,1255.0,718.85,59.0
22511616.0,10684.10722708702,45564.0,40.0,23.125,0.0,1371.0,710.825,64.0
22528000.0,10691.867226362228,45590.0,41.0,17.200000762939453,0.0,1371.0,564.25,54.0
22544384.0,10699.678714990616,45620.0,41.0,18.674999237060547,0.0,1351.0,558.4,42.0
22560768.0,10707.470646619797,45650.0,40.0,21.975000381469727,0.0,1493.0,661.325,40.0
22577152.0,10715.279966592789,45679.0,40.0,22.5,0.0,2119.0,682.075,28.0
22593536.0,10723.055438041687,45703.0,40.0,17.625,0.0,1621.0,534.75,28.0
22609920.0,10730.867130279541,45735.0,41.0,22.125,0.0,1261.0,622.275,45.0
22626304.0,10738.641521692276,45754.0,40.0,19.850000381469727,0.0,1593.0,625.875,36.0
22642688.0,10746.445359230042,45781.0,40.0,20.625,0.0,1276.0,627.25,43.0
22659072.0,10754.1937353611,45803.0,41.0,22.924999237060547,0.0,1397.0,683.15,43.0
22675456.0,10762.0068962574,45832.0,41.0,21.600000381469727,0.0,1726.0,640.375,36.0
22691840.0,10769.79199719429,45866.0,41.0,18.399999618530273,0.0,1355.0,532.475,36.0
22708224.0,10777.59738111496,45881.0,41.0,21.125,0.0,1355.0,608.2,52.0
22724608.0,10785.383049488068,45907.0,41.0,21.649999618530273,0.0,1342.0,671.65,28.0
22740992.0,10793.187205076218,45933.0,40.0,25.950000762939453,0.0,1423.0,730.725,17.0
22757376.0,10800.982811689377,45962.0,40.0,22.575000762939453,0.0,1313.0,628.6,17.0
22773760.0,10808.808128595352,45989.0,41.0,21.924999237060547,0.0,1313.0,642.9,8.0
22790144.0,10816.614660978317,46010.0,40.0,19.875,0.0,1177.0,589.375,8.0
22806528.0,10824.399505376816,46045.0,40.0,22.200000762939453,0.0,1243.0,630.85,30.0
22822912.0,10832.215334653854,46072.0,41.0,16.899999618530273,0.0,1480.0,546.275,30.0
22839296.0,10839.991067647934,46103.0,40.0,12.225000381469727,0.0,1310.0,454.675,40.0
22855680.0,10847.82286977768,46117.0,40.0,14.925000190734863,0.0,1214.0,490.675,34.0
22872064.0,10855.614362239838,46147.0,40.0,24.825000762939453,0.0,1644.0,741.0,34.0
22888448.0,10863.407123327255,46175.0,40.0,21.875,0.0,1298.0,662.375,54.0
22904832.0,10871.186766386032,46206.0,41.0,18.049999237060547,0.0,1482.0,572.15,28.0
22921216.0,10879.022302389145,46237.0,40.0,15.925000190734863,0.0,1306.0,491.775,31.0
22937600.0,10886.777882099152,46263.0,40.0,14.100000381469727,0.0,1122.0,501.675,31.0
22953984.0,10894.5914580822,46296.0,40.0,16.375,0.0,2880.0,612.5,11.0
22970368.0,10902.386177539825,46320.0,40.0,18.075000762939453,0.0,1256.0,531.975,11.0
22986752.0,10910.187997341156,46350.0,40.0,17.524999618530273,0.0,1478.0,573.1,44.0
23003136.0,10917.983443498611,46379.0,40.0,16.399999618530273,0.0,1478.0,536.45,6.0
23019520.0,10925.813724517822,46411.0,40.0,20.299999237060547,0.0,3262.0,650.85,6.0
23035904.0,10933.578870296478,46441.0,40.0,19.850000381469727,0.0,3262.0,663.2,34.0
23052288.0,10941.388524770737,46460.0,40.0,20.125,0.0,1470.0,585.025,34.0
23068672.0,10949.164525270462,46479.0,40.0,22.450000762939453,0.0,1286.0,652.95,41.0
23085056.0,10956.96747970581,46506.0,40.0,19.774999618530273,0.0,1286.0,594.5,53.0
23101440.0,10964.726987600327,46541.0,41.0,18.600000381469727,0.0,1496.0,573.85,30.0
23117824.0,10972.543018102646,46574.0,41.0,23.450000762939453,0.0,1444.0,667.95,20.0
23134208.0,10980.318549394608,46603.0,40.0,15.225000381469727,0.0,1444.0,477.7,20.0
23150592.0,10988.10277056694,46629.0,40.0,15.699999809265137,0.0,1105.0,456.475,35.0
23166976.0,10995.838877677917,46664.0,40.0,18.350000381469727,0.0,1224.0,550.325,42.0
23183360.0,11003.637094020844,46692.0,40.0,20.825000762939453,0.0,1397.0,628.375,53.0
23199744.0,11011.42098402977,46713.0,40.0,20.475000381469727,0.0,2757.0,622.35,53.0
23216128.0,11019.233529806137,46740.0,40.0,23.899999618530273,0.0,1221.0,626.0,56.0
23232512.0,11027.06028175354,46775.0,40.0,20.524999618530273,0.0,1205.0,563.475,54.0
23248896.0,11034.834069013596,46808.0,40.0,15.25,0.0,1322.0,480.825,29.0
23265280.0,11042.643498182297,46835.0,40.0,15.449999809265137,0.0,3462.0,551.725,20.0
23281664.0,11050.430323839188,46871.0,41.0,20.575000762939453,0.0,1164.0,548.65,45.0
23298048.0,11058.240269184113,46904.0,41.0,19.125,0.0,1289.0,492.325,9.0
23314432.0,11065.998800516129,46931.0,40.0,20.75,0.0,1319.0,570.1,56.0
23330816.0,11073.806836366653,46962.0,40.0,19.725000381469727,0.0,1195.0,549.2,37.0
23347200.0,11081.575115919113,46987.0,40.0,19.524999618530273,0.0,1352.0,569.025,37.0
23363584.0,11089.38681435585,47016.0,40.0,17.600000381469727,0.0,1320.0,520.475,22.0
23379968.0,11097.184831857681,47046.0,41.0,18.100000381469727,0.0,1328.0,540.25,37.0
23396352.0,11104.988486289978,47076.0,40.0,21.674999237060547,0.0,1510.0,633.0,2.0
23412736.0,11112.734427213669,47110.0,40.0,19.075000762939453,0.0,1293.0,528.95,10.0
23429120.0,11120.538185358047,47143.0,40.0,17.225000381469727,0.0,1346.0,510.75,36.0
23445504.0,11128.308158636093,47174.0,40.0,17.625,0.0,1346.0,525.4,55.0
23461888.0,11136.106930971146,47201.0,40.0,22.924999237060547,0.0,1183.0,593.6,52.0
23478272.0,11143.866896867752,47226.0,40.0,20.299999237060547,0.0,1242.0,536.0,20.0
23494656.0,11151.673214673996,47258.0,40.0,16.700000762939453,0.0,1291.0,499.575,16.0
23511040.0,11159.447932004929,47292.0,40.0,15.625,0.0,1265.0,538.775,12.0
23527424.0,11167.263649225235,47323.0,40.0,20.075000762939453,0.0,1437.0,576.925,12.0
23543808.0,11175.054229259491,47359.0,40.0,16.75,0.0,1231.0,533.125,47.0
23560192.0,11182.852571725845,47383.0,40.0,16.725000381469727,0.0,1231.0,503.0,47.0
23576576.0,11190.634339571,47413.0,40.0,16.024999618530273,0.0,1200.0,523.6,37.0
23592960.0,11198.431137561798,47438.0,40.0,18.600000381469727,0.0,1202.0,609.15,41.0
23609344.0,11206.202846288681,47456.0,40.0,19.774999618530273,0.0,1266.0,614.175,33.0
23625728.0,11213.993594408035,47483.0,40.0,21.075000762939453,0.0,1775.0,680.3,33.0
23642112.0,11221.790790081024,47506.0,40.0,20.850000381469727,0.0,1775.0,690.325,2.0
23658496.0,11229.606580495834,47532.0,40.0,17.0,0.0,1226.0,589.475,2.0
23674880.0,11237.395123243332,47558.0,40.0,18.350000381469727,0.0,1327.0,584.875,27.0
23691264.0,11245.189225196838,47577.0,40.0,22.399999618530273,0.0,3473.0,744.925,9.0
23707648.0,11253.000023126602,47606.0,40.0,19.674999237060547,0.0,3473.0,689.825,19.0
23724032.0,11260.782409906387,47630.0,40.0,21.225000381469727,0.0,1482.0,745.45,83.0
23740416.0,11268.580100536346,47662.0,41.0,18.850000381469727,0.0,1729.0,650.55,15.0
23756800.0,11276.368726968765,47686.0,40.0,17.225000381469727,0.0,2578.0,685.25,15.0
23773184.0,11284.194305181503,47711.0,40.0,15.949999809265137,0.0,1607.0,596.475,67.0
23789568.0,11291.97574710846,47734.0,41.0,19.299999237060547,0.0,1550.0,720.95,67.0
23805952.0,11299.771718502045,47755.0,41.0,21.350000381469727,0.0,1496.0,770.725,44.0
23822336.0,11307.57804107666,47769.0,41.0,19.674999237060547,0.0,1533.0,742.675,44.0
23838720.0,11315.396151542664,47796.0,40.0,18.225000381469727,0.0,1533.0,700.0,50.0
23855104.0,11323.185884952545,47817.0,41.0,22.774999618530273,0.0,1758.0,838.35,50.0
23871488.0,11330.985077857971,47842.0,41.0,21.674999237060547,0.0,1758.0,784.675,23.0
23887872.0,11338.754931926727,47861.0,40.0,18.625,0.0,1599.0,727.8,15.0
23904256.0,11346.579300880432,47885.0,41.0,21.174999237060547,0.0,1815.0,712.0,15.0
23920640.0,11354.340863704681,47904.0,41.0,19.325000762939453,0.0,1815.0,677.075,39.0
23937024.0,11362.143474340439,47923.0,40.0,20.475000381469727,0.0,1549.0,750.6,39.0
23953408.0,11369.944330453873,47941.0,41.0,21.625,0.0,1549.0,737.975,39.0
23969792.0,11377.783697843552,47966.0,41.0,22.625,0.0,1732.0,735.825,26.0
23986176.0,11385.582872152328,47987.0,40.0,23.174999237060547,0.0,1732.0,822.7,47.0
24002560.0,11393.391175985336,48011.0,40.0,20.149999618530273,0.0,1533.0,725.425,43.0
24018944.0,11401.175311088562,48030.0,40.0,18.25,0.0,1340.0,691.075,50.0
24035328.0,11408.982580184937,48056.0,40.0,22.024999618530273,0.0,1458.0,726.15,50.0
24051712.0,11416.763020992279,48081.0,40.0,20.700000762939453,0.0,4029.0,748.5,26.0
24068096.0,11424.550338506699,48101.0,40.0,21.75,0.0,4486.0,884.5,26.0
24084480.0,11432.319695711136,48134.0,40.0,16.174999237060547,0.0,1478.0,571.825,10.0
24100864.0,11440.126267433167,48159.0,40.0,19.899999618530273,0.0,4120.0,684.25,25.0
24117248.0,11447.940593719482,48177.0,40.0,18.625,0.0,4120.0,656.725,25.0
24133632.0,11455.71205163002,48204.0,40.0,20.024999618530273,0.0,1309.0,609.625,43.0
24150016.0,11463.527690410614,48231.0,40.0,21.625,0.0,1518.0,692.675,56.0
24166400.0,11471.309798955917,48252.0,41.0,18.524999618530273,0.0,1518.0,608.875,56.0
24182784.0,11479.138879537582,48276.0,41.0,18.825000762939453,0.0,5008.0,753.9,43.0
24199168.0,11486.889703512192,48299.0,40.0,26.899999618530273,2.0,4026.0,916.025,140.0
24215552.0,11494.686141490936,48322.0,40.0,22.950000762939453,0.0,1490.0,684.85,103.0
24231936.0,11502.481456756592,48344.0,40.0,22.549999237060547,1.0,3413.0,715.475,82.0
24248320.0,11510.295266389847,48371.0,40.0,20.549999237060547,0.0,1395.0,652.225,48.0
24264704.0,11518.071004390717,48401.0,40.0,22.274999618530273,0.0,1537.0,650.7,13.0
24281088.0,11525.877306222916,48423.0,40.0,16.524999618530273,0.0,1537.0,536.025,10.0
24297472.0,11533.660955429077,48448.0,40.0,21.200000762939453,0.0,1399.0,575.325,27.0
24313856.0,11541.482453584671,48479.0,40.0,25.75,0.0,1178.0,643.625,65.0
24330240.0,11549.270620584488,48503.0,40.0,17.924999237060547,0.0,1124.0,499.3,48.0
24346624.0,11557.089537143707,48521.0,40.0,19.674999237060547,0.0,1124.0,570.5,41.0
24363008.0,11564.857716560364,48551.0,41.0,26.975000381469727,0.0,2580.0,747.725,26.0
24379392.0,11572.657951116562,48572.0,41.0,28.774999618530273,0.0,3711.0,857.75,7.0
24395776.0,11580.362426996231,48591.0,41.0,28.049999237060547,0.0,3711.0,780.15,7.0
24412160.0,11588.190350294113,48617.0,40.0,24.700000762939453,1.0,1357.0,671.175,51.0
24428544.0,11595.96004986763,48643.0,41.0,28.225000381469727,0.0,4024.0,759.35,39.0
24444928.0,11603.76882314682,48674.0,41.0,20.200000762939453,0.0,4024.0,612.75,39.0
24461312.0,11611.544479131699,48702.0,41.0,21.600000381469727,0.0,1396.0,615.45,40.0
24477696.0,11619.343452692032,48732.0,41.0,20.899999618530273,0.0,1207.0,542.65,14.0
24494080.0,11627.116923332214,48751.0,41.0,20.274999618530273,0.0,1207.0,524.5,14.0
24510464.0,11634.910141468048,48780.0,41.0,21.75,0.0,1367.0,602.925,31.0
24526848.0,11642.705570936203,48819.0,41.0,20.774999618530273,0.0,1175.0,555.5,40.0
24543232.0,11650.478573322296,48843.0,40.0,23.799999237060547,0.0,1258.0,623.625,35.0
24559616.0,11658.28282570839,48873.0,40.0,26.5,0.0,1258.0,645.925,36.0
24576000.0,11665.938683748245,48899.0,40.0,23.299999237060547,0.0,1173.0,584.475,36.0
24592384.0,11673.73489189148,48926.0,40.0,18.524999618530273,0.0,1638.0,520.725,8.0
24608768.0,11681.49105477333,48949.0,40.0,23.875,0.0,1169.0,629.65,8.0
24625152.0,11689.292241811752,48986.0,40.0,20.875,0.0,1123.0,538.05,27.0
24641536.0,11697.070720911026,49017.0,40.0,19.274999618530273,0.0,1279.0,501.775,27.0
24657920.0,11704.861414432526,49044.0,40.0,12.975000381469727,0.0,1297.0,421.35,7.0
24674304.0,11712.62250494957,49071.0,40.0,21.024999618530273,0.0,1177.0,609.85,7.0
24690688.0,11720.43596458435,49090.0,40.0,23.174999237060547,0.0,1177.0,639.975,49.0
24707072.0,11728.230722904205,49107.0,40.0,23.975000381469727,0.0,1572.0,698.425,106.0
24723456.0,11736.023524284363,49141.0,40.0,21.450000762939453,0.0,1456.0,650.575,45.0
24739840.0,11743.820442199707,49172.0,40.0,19.875,0.0,1257.0,547.2,47.0
24756224.0,11751.630294561386,49196.0,40.0,17.850000381469727,0.0,2633.0,577.975,47.0
24772608.0,11759.44768857956,49219.0,40.0,21.0,0.0,1250.0,586.475,2.0
24788992.0,11767.261878490448,49256.0,40.0,22.899999618530273,0.0,1250.0,568.8,36.0
24805376.0,11775.034036397934,49284.0,40.0,17.725000381469727,0.0,1075.0,494.55,43.0
24821760.0,11782.838895559311,49318.0,40.0,23.225000381469727,0.0,3076.0,702.75,17.0
24838144.0,11790.616649150848,49341.0,40.0,21.399999618530273,0.0,1167.0,585.975,33.0
24854528.0,11798.431090593338,49370.0,40.0,22.075000762939453,0.0,1041.0,523.2,33.0
24870912.0,11806.205998420715,49407.0,40.0,17.100000381469727,0.0,1205.0,500.9,15.0
24887296.0,11814.020285367966,49431.0,40.0,21.200000762939453,0.0,1205.0,580.2,45.0
24903680.0,11821.787384986877,49458.0,40.0,20.5,0.0,3983.0,635.675,33.0
24920064.0,11829.584907054901,49484.0,40.0,18.950000762939453,0.0,1191.0,597.975,53.0
24936448.0,11837.370735645294,49509.0,40.0,19.350000381469727,0.0,1258.0,576.4,52.0
24952832.0,11845.187442779541,49544.0,41.0,23.100000381469727,0.0,1290.0,631.9,52.0
24969216.0,11853.001629590988,49571.0,41.0,25.5,0.0,1329.0,683.2,63.0
24985600.0,11860.769112586975,49594.0,40.0,21.649999618530273,0.0,1256.0,619.575,52.0
25001984.0,11868.566685914993,49619.0,40.0,23.825000762939453,0.0,1194.0,587.9,29.0
